Timestamp,User Count,Type,Name,Requests/s,Failures/s,50%,66%,75%,80%,90%,95%,98%,99%,99.9%,99.99%,100%,Total Request Count,Total Failure Count,Total Median Response Time,Total Average Response Time,Total Min Response Time,Total Max Response Time,Total Average Content Size
1779970479,0,,Aggregated,0.000000,0.000000,N/A,N/A,N/A,N/A,N/A,N/A,N/A,N/A,N/A,N/A,N/A,0,0,0,0.0,0,0,0
1779970480,5,GET,/,0.000000,0.000000,0,0,0,0,0,0,0,0,0,0,0,5,5,6,8.192817773669958,5.653199041262269,17.101355944760144,0.0
1779970480,5,GET,/product/66VCHSJNUP,0.000000,0.000000,0,0,0,0,0,0,0,0,0,0,0,1,1,4.317249055020511,4.317249055020511,4.317249055020511,4.317249055020511,0.0
1779970480,5,,Aggregated,0.000000,0.000000,0,0,0,0,0,0,0,0,0,0,0,6,6,6,7.54688965389505,4.317249055020511,17.101355944760144,0.0
1779970481,10,GET,/,0.000000,0.000000,16,16,17,17,19,19,19,19,19,19,19,11,11,11,11.162998810918493,4.353024065494537,18.783653038553894,0.0
1779970481,10,GET,/product/66VCHSJNUP,0.000000,0.000000,4,4,4,4,4,4,4,4,4,4,4,1,1,4.317249055020511,4.317249055020511,4.317249055020511,4.317249055020511,0.0
1779970481,10,GET,/product/6E92ZMYYFZ,0.000000,0.000000,0,0,0,0,0,0,0,0,0,0,0,1,1,5.202049040235579,5.202049040235579,5.202049040235579,5.202049040235579,0.0
1779970481,10,,Aggregated,0.000000,0.000000,14,16,17,17,19,19,19,19,19,19,19,13,13,6,10.177868078104579,4.317249055020511,18.783653038553894,0.0
1779970482,15,GET,/,5.000000,5.000000,7,10,11,14,17,19,19,19,19,19,19,22,22,6,8.715365769934248,4.353024065494537,18.783653038553894,0.0
1779970482,15,POST,/cart,0.000000,0.000000,0,0,0,0,0,0,0,0,0,0,0,1,1,8.085628040134907,8.085628040134907,8.085628040134907,8.085628040134907,0.0
1779970482,15,POST,/cart/checkout,0.000000,0.000000,0,0,0,0,0,0,0,0,0,0,0,1,1,13.206345960497856,13.206345960497856,13.206345960497856,13.206345960497856,0.0
1779970482,15,GET,/product/2ZYFJ3GM2N,0.000000,0.000000,0,0,0,0,0,0,0,0,0,0,0,1,1,4.525584983639419,4.525584983639419,4.525584983639419,4.525584983639419,0.0
1779970482,15,GET,/product/66VCHSJNUP,1.000000,1.000000,4,4,4,4,4,4,4,4,4,4,4,1,1,4.317249055020511,4.317249055020511,4.317249055020511,4.317249055020511,0.0
1779970482,15,GET,/product/6E92ZMYYFZ,0.000000,0.000000,5,5,5,5,5,5,5,5,5,5,5,2,2,4.062660038471222,4.6323545393534005,4.062660038471222,5.202049040235579,0.0
1779970482,15,,Aggregated,6.000000,6.000000,7,8,11,13,16,17,19,19,19,19,19,28,28,6,8.254913002019748,4.062660038471222,18.783653038553894,0.0
1779970483,20,GET,/,5.000000,5.000000,8,10,10,11,16,17,19,19,19,19,19,31,31,7,8.777017934217808,4.353024065494537,18.783653038553894,0.0
1779970483,20,POST,/cart,0.000000,0.000000,8,8,8,8,8,8,8,8,8,8,8,1,1,8.085628040134907,8.085628040134907,8.085628040134907,8.085628040134907,0.0
1779970483,20,POST,/cart/checkout,0.000000,0.000000,0,0,0,0,0,0,0,0,0,0,0,2,2,6,9.434429986868054,5.662514013238251,13.206345960497856,0.0
1779970483,20,GET,/product/2ZYFJ3GM2N,0.000000,0.000000,0,0,0,0,0,0,0,0,0,0,0,1,1,4.525584983639419,4.525584983639419,4.525584983639419,4.525584983639419,0.0
1779970483,20,GET,/product/66VCHSJNUP,0.500000,0.500000,4,4,4,4,4,4,4,4,4,4,4,2,2,4.317249055020511,4.317647486459464,4.317249055020511,4.3180459178984165,0.0
1779970483,20,GET,/product/6E92ZMYYFZ,0.500000,0.500000,5,5,5,5,5,5,5,5,5,5,5,2,2,4.062660038471222,4.6323545393534005,4.062660038471222,5.202049040235579,0.0
1779970483,20,GET,/product/OLJCESPC7Z,0.000000,0.000000,0,0,0,0,0,0,0,0,0,0,0,1,1,4.305944894440472,4.305944894440472,4.305944894440472,4.305944894440472,0.0
1779970483,20,,Aggregated,6.000000,6.000000,7,9,10,11,14,17,19,19,19,19,19,40,40,7,8.144339447608218,4.062660038471222,18.783653038553894,0.0
1779970484,25,GET,/,5.333333,5.333333,7,8,10,10,14,17,120,120,120,120,120,46,46,7,10.516253871964695,4.211193067021668,123.8024509511888,0.0
1779970484,25,POST,/cart,0.333333,0.333333,7,7,8,8,8,8,8,8,8,8,8,3,3,7,6.674904027022421,5.261212005279958,8.085628040134907,0.0
1779970484,25,POST,/cart/checkout,0.000000,0.000000,6,6,6,6,6,6,6,6,6,6,6,2,2,6,9.434429986868054,5.662514013238251,13.206345960497856,0.0
1779970484,25,GET,/product/0PUK6V6EV0,0.000000,0.000000,0,0,0,0,0,0,0,0,0,0,0,1,1,5.508766043931246,5.508766043931246,5.508766043931246,5.508766043931246,0.0
1779970484,25,GET,/product/1YMWWN1N4O,0.000000,0.000000,0,0,0,0,0,0,0,0,0,0,0,1,1,10.051007033325732,10.051007033325732,10.051007033325732,10.051007033325732,0.0
1779970484,25,GET,/product/2ZYFJ3GM2N,0.000000,0.000000,5,5,5,5,5,5,5,5,5,5,5,1,1,4.525584983639419,4.525584983639419,4.525584983639419,4.525584983639419,0.0
1779970484,25,GET,/product/66VCHSJNUP,0.333333,0.333333,4,4,4,4,4,4,4,4,4,4,4,2,2,4.317249055020511,4.317647486459464,4.317249055020511,4.3180459178984165,0.0
1779970484,25,GET,/product/6E92ZMYYFZ,0.333333,0.333333,5,5,5,5,5,5,5,5,5,5,5,2,2,4.062660038471222,4.6323545393534005,4.062660038471222,5.202049040235579,0.0
1779970484,25,GET,/product/L9ECAV7KIM,0.000000,0.000000,0,0,0,0,0,0,0,0,0,0,0,1,1,5.80423790961504,5.80423790961504,5.80423790961504,5.80423790961504,0.0
1779970484,25,GET,/product/OLJCESPC7Z,0.000000,0.000000,4,4,4,4,4,4,4,4,4,4,4,2,2,4.1772539261728525,4.241599410306662,4.1772539261728525,4.305944894440472,0.0
1779970484,25,,Aggregated,6.333333,6.333333,7,8,9,10,14,17,19,120,120,120,120,61,61,7,9.424820475539834,4.062660038471222,123.8024509511888,0.0
1779970485,30,GET,/,7.500000,7.500000,7,8,9,10,14,19,35,120,120,120,120,60,60,7,10.002745488115275,4.211193067021668,123.8024509511888,0.0
1779970485,30,POST,/cart,0.250000,0.250000,7,8,8,16,16,16,16,16,16,16,16,5,5,7,8.617733023129404,5.261212005279958,15.75688598677516,0.0
1779970485,30,POST,/cart/checkout,0.250000,0.250000,6,6,9,9,9,9,9,9,9,9,9,4,4,6,7.953803986310959,4.426361992955208,13.206345960497856,0.0
1779970485,30,GET,/product/0PUK6V6EV0,0.000000,0.000000,0,0,0,0,0,0,0,0,0,0,0,2,2,6,8.267532975878567,5.508766043931246,11.026299907825887,0.0
1779970485,30,GET,/product/1YMWWN1N4O,0.000000,0.000000,0,0,0,0,0,0,0,0,0,0,0,1,1,10.051007033325732,10.051007033325732,10.051007033325732,10.051007033325732,0.0
1779970485,30,GET,/product/2ZYFJ3GM2N,0.250000,0.250000,5,5,8,8,8,8,8,8,8,8,8,3,3,5,5.516185308806598,3.690602956339717,8.332367986440659,0.0
1779970485,30,GET,/product/66VCHSJNUP,0.500000,0.500000,4,4,9,9,9,9,9,9,9,9,9,3,3,4.317249055020511,5.718044005334377,4.317249055020511,8.518837043084204,0.0
1779970485,30,GET,/product/6E92ZMYYFZ,0.500000,0.500000,5,5,5,5,5,5,5,5,5,5,5,2,2,4.062660038471222,4.6323545393534005,4.062660038471222,5.202049040235579,0.0
1779970485,30,GET,/product/L9ECAV7KIM,0.000000,0.000000,0,0,0,0,0,0,0,0,0,0,0,1,1,5.80423790961504,5.80423790961504,5.80423790961504,5.80423790961504,0.0
1779970485,30,GET,/product/OLJCESPC7Z,0.250000,0.250000,4,4,4,4,4,4,4,4,4,4,4,2,2,4.1772539261728525,4.241599410306662,4.1772539261728525,4.305944894440472,0.0
1779970485,30,,Aggregated,9.500000,9.500000,7,8,9,10,14,17,35,120,120,120,120,83,83,7,9.143488157641547,3.690602956339717,123.8024509511888,0.0
1779970486,35,GET,/,7.600000,7.600000,7,8,9,9,13,17,35,120,120,120,120,82,82,7,9.173126718052096,3.732067998498678,123.8024509511888,0.0
1779970486,35,POST,/cart,0.400000,0.400000,7,7,8,8,16,16,16,16,16,16,16,7,7,7,7.682897433239434,4.995245952159166,15.75688598677516,0.0
1779970486,35,POST,/cart/checkout,0.400000,0.400000,6,6,9,9,9,9,9,9,9,9,9,5,5,6,7.384932390414178,4.426361992955208,13.206345960497856,0.0
1779970486,35,GET,/product/0PUK6V6EV0,0.000000,0.000000,11,11,11,11,11,11,11,11,11,11,11,2,2,6,8.267532975878567,5.508766043931246,11.026299907825887,0.0
1779970486,35,GET,/product/1YMWWN1N4O,0.000000,0.000000,10,10,1000,1000,1000,1000,1000,1000,1000,1000,1000,3,3,10,351.81180965931463,5.37251599598676,1040.0119059486315,0.0
1779970486,35,GET,/product/2ZYFJ3GM2N,0.200000,0.200000,8,8,8,8,8,8,8,8,8,8,8,4,4,5,6.019686989020556,3.690602956339717,8.332367986440659,0.0
1779970486,35,GET,/product/66VCHSJNUP,0.400000,0.400000,4,4,9,9,9,9,9,9,9,9,9,3,3,4.317249055020511,5.718044005334377,4.317249055020511,8.518837043084204,0.0
1779970486,35,GET,/product/6E92ZMYYFZ,0.400000,0.400000,4,4,5,5,5,5,5,5,5,5,5,3,3,4.062660038471222,4.489965659255783,4.062660038471222,5.202049040235579,0.0
1779970486,35,GET,/product/L9ECAV7KIM,0.000000,0.000000,7,7,7,7,7,7,7,7,7,7,7,2,2,6,6.401173945050687,5.80423790961504,6.998109980486333,0.0
1779970486,35,GET,/product/LS4PSXUNUM,0.000000,0.000000,0,0,0,0,0,0,0,0,0,0,0,1,1,4.248925019055605,4.248925019055605,4.248925019055605,4.248925019055605,0.0
1779970486,35,GET,/product/OLJCESPC7Z,0.400000,0.400000,4,4,4,4,4,4,4,4,4,4,4,2,2,4.1772539261728525,4.241599410306662,4.1772539261728525,4.305944894440472,0.0
1779970486,35,,Aggregated,9.800000,9.800000,7,8,9,9,13,16,35,120,1000,1000,1000,114,114,6,17.500956828722305,3.690602956339717,1040.0119059486315,0.0
1779970487,40,GET,/,8.500000,8.500000,7,8,9,10,12,17,35,120,120,120,120,96,96,7,9.039034204761265,3.732067998498678,123.8024509511888,0.0
1779970487,40,POST,/cart,0.833333,0.833333,7,7,8,8,16,16,16,16,16,16,16,7,7,7,7.682897433239434,4.995245952159166,15.75688598677516,0.0
1779970487,40,POST,/cart/checkout,0.500000,0.500000,5,6,6,9,9,9,9,9,9,9,9,6,6,5,7.002287330882003,4.426361992955208,13.206345960497856,0.0
1779970487,40,GET,/product/0PUK6V6EV0,0.166667,0.166667,11,11,11,11,11,11,11,11,11,11,11,2,2,6,8.267532975878567,5.508766043931246,11.026299907825887,0.0
1779970487,40,GET,/product/1YMWWN1N4O,0.166667,0.166667,10,10,1000,1000,1000,1000,1000,1000,1000,1000,1000,3,3,10,351.81180965931463,5.37251599598676,1040.0119059486315,0.0
1779970487,40,GET,/product/2ZYFJ3GM2N,0.166667,0.166667,8,8,8,8,8,8,8,8,8,8,8,4,4,5,6.019686989020556,3.690602956339717,8.332367986440659,0.0
1779970487,40,GET,/product/66VCHSJNUP,0.500000,0.500000,4,4,9,9,9,9,9,9,9,9,9,3,3,4.317249055020511,5.718044005334377,4.317249055020511,8.518837043084204,0.0
1779970487,40,GET,/product/6E92ZMYYFZ,0.333333,0.333333,4,4,5,5,5,5,5,5,5,5,5,3,3,4.062660038471222,4.489965659255783,4.062660038471222,5.202049040235579,0.0
1779970487,40,GET,/product/L9ECAV7KIM,0.166667,0.166667,7,7,7,7,7,7,7,7,7,7,7,2,2,6,6.401173945050687,5.80423790961504,6.998109980486333,0.0
1779970487,40,GET,/product/LS4PSXUNUM,0.000000,0.000000,0,0,0,0,0,0,0,0,0,0,0,1,1,4.248925019055605,4.248925019055605,4.248925019055605,4.248925019055605,0.0
1779970487,40,GET,/product/OLJCESPC7Z,0.333333,0.333333,4,4,4,4,4,4,4,4,4,4,4,3,3,4.156287992373109,4.213162270995478,4.156287992373109,4.305944894440472,0.0
1779970487,40,,Aggregated,11.666667,11.666667,7,8,9,10,12,16,35,120,1000,1000,1000,130,130,6,16.30696400982113,3.690602956339717,1040.0119059486315,0.0
1779970488,45,GET,/,9.571429,9.571429,7,8,10,10,14,17,19,35,120,120,120,118,118,7,9.095000368503506,3.732067998498678,123.8024509511888,0.0
1779970488,45,POST,/cart,0.714286,0.714286,7,7,12,12,16,36,36,36,36,36,36,12,12,6,9.839323591828967,4.995245952159166,35.70611495524645,0.0
1779970488,45,POST,/cart/checkout,0.571429,0.571429,5,6,6,9,9,9,9,9,9,9,9,6,6,5,7.002287330882003,4.426361992955208,13.206345960497856,0.0
1779970488,45,GET,/product/0PUK6V6EV0,0.285714,0.285714,11,11,11,11,11,11,11,11,11,11,11,2,2,6,8.267532975878567,5.508766043931246,11.026299907825887,0.0
1779970488,45,GET,/product/1YMWWN1N4O,0.142857,0.142857,5,10,10,1000,1000,1000,1000,1000,1000,1000,1000,5,5,5,213.10953081119806,4.619461018592119,1040.0119059486315,0.0
1779970488,45,GET,/product/2ZYFJ3GM2N,0.428571,0.428571,8,8,8,8,8,8,8,8,8,8,8,4,4,5,6.019686989020556,3.690602956339717,8.332367986440659,0.0
1779970488,45,GET,/product/66VCHSJNUP,0.428571,0.428571,4,4,9,9,9,9,9,9,9,9,9,3,3,4.317249055020511,5.718044005334377,4.317249055020511,8.518837043084204,0.0
1779970488,45,GET,/product/6E92ZMYYFZ,0.285714,0.285714,4,4,5,5,5,5,5,5,5,5,5,3,3,4.062660038471222,4.489965659255783,4.062660038471222,5.202049040235579,0.0
1779970488,45,GET,/product/L9ECAV7KIM,0.285714,0.285714,7,7,7,7,7,7,7,7,7,7,7,2,2,6,6.401173945050687,5.80423790961504,6.998109980486333,0.0
1779970488,45,GET,/product/LS4PSXUNUM,0.000000,0.000000,4,4,4,4,4,4,4,4,4,4,4,1,1,4.248925019055605,4.248925019055605,4.248925019055605,4.248925019055605,0.0
1779970488,45,GET,/product/OLJCESPC7Z,0.285714,0.285714,4,4,4,4,4,4,4,4,4,4,4,3,3,4.156287992373109,4.213162270995478,4.156287992373109,4.305944894440472,0.0
1779970488,45,,Aggregated,13.000000,13.000000,7,8,9,10,14,17,35,120,1000,1000,1000,159,159,7,15.092905077046522,3.690602956339717,1040.0119059486315,0.0
1779970489,50,GET,/,11.000000,11.000000,7,8,9,10,13,16,19,35,120,120,120,143,143,7,8.572501955892552,3.540223930031061,123.8024509511888,0.0
1779970489,50,POST,/cart,0.875000,0.875000,6,7,9,9,16,36,36,36,36,36,36,16,16,6,8.965234061179217,4.52330696862191,35.70611495524645,0.0
1779970489,50,POST,/cart/checkout,0.625000,0.625000,5,5,6,6,9,9,9,9,9,9,9,7,7,5,6.713773988719497,4.426361992955208,13.206345960497856,0.0
1779970489,50,GET,/product/0PUK6V6EV0,0.250000,0.250000,11,11,11,11,11,11,11,11,11,11,11,2,2,6,8.267532975878567,5.508766043931246,11.026299907825887,0.0
1779970489,50,GET,/product/1YMWWN1N4O,0.375000,0.375000,5,10,10,1000,1000,1000,1000,1000,1000,1000,1000,5,5,5,213.10953081119806,4.619461018592119,1040.0119059486315,0.0
1779970489,50,GET,/product/2ZYFJ3GM2N,0.500000,0.500000,8,8,8,8,8,8,8,8,8,8,8,4,4,5,6.019686989020556,3.690602956339717,8.332367986440659,0.0
1779970489,50,GET,/product/66VCHSJNUP,0.375000,0.375000,4,4,9,9,9,9,9,9,9,9,9,3,3,4.317249055020511,5.718044005334377,4.317249055020511,8.518837043084204,0.0
1779970489,50,GET,/product/6E92ZMYYFZ,0.375000,0.375000,4,4,5,5,5,5,5,5,5,5,5,3,3,4.062660038471222,4.489965659255783,4.062660038471222,5.202049040235579,0.0
1779970489,50,GET,/product/L9ECAV7KIM,0.250000,0.250000,7,7,7,7,7,7,7,7,7,7,7,3,3,6,5.824248966140051,4.670399008318782,6.998109980486333,0.0
1779970489,50,GET,/product/LS4PSXUNUM,0.125000,0.125000,4,4,4,4,4,4,4,4,4,4,4,1,1,4.248925019055605,4.248925019055605,4.248925019055605,4.248925019055605,0.0
1779970489,50,GET,/product/OLJCESPC7Z,0.250000,0.250000,5,5,6,6,6,6,6,6,6,6,6,5,5,4.156287992373109,4.759478382766247,4.156287992373109,6.272739032283425,0.0
1779970489,50,,Aggregated,15.000000,15.000000,6,8,9,9,13,16,35,120,1000,1000,1000,192,192,6,13.534440121778365,3.540223930031061,1040.0119059486315,0.0
1779970490,55,GET,/,12.000000,12.000000,6,7,8,9,12,16,29,120,1000,1000,1000,166,166,6,14.563042997994112,3.540223930031061,1024.6026288950816,0.0
1779970490,55,POST,/cart,1.000000,1.000000,6,7,8,9,16,36,36,36,36,36,36,18,18,6,8.62960150051448,4.52330696862191,35.70611495524645,0.0
1779970490,55,POST,/cart/checkout,0.666667,0.666667,5,5,6,6,9,9,9,9,9,9,9,8,8,5,6.375374359777197,4.006576957181096,13.206345960497856,0.0
1779970490,55,GET,/product/0PUK6V6EV0,0.222222,0.222222,11,11,11,11,11,11,11,11,11,11,11,2,2,6,8.267532975878567,5.508766043931246,11.026299907825887,0.0
1779970490,55,GET,/product/1YMWWN1N4O,0.444444,0.444444,5,10,10,1000,1000,1000,1000,1000,1000,1000,1000,5,5,5,213.10953081119806,4.619461018592119,1040.0119059486315,0.0
1779970490,55,GET,/product/2ZYFJ3GM2N,0.444444,0.444444,8,8,8,8,8,8,8,8,8,8,8,4,4,5,6.019686989020556,3.690602956339717,8.332367986440659,0.0
1779970490,55,GET,/product/66VCHSJNUP,0.333333,0.333333,7,7,9,9,9,9,9,9,9,9,9,4,4,4.317249055020511,6.157990253996104,4.317249055020511,8.518837043084204,0.0
1779970490,55,GET,/product/6E92ZMYYFZ,0.333333,0.333333,4,4,5,5,5,5,5,5,5,5,5,3,3,4.062660038471222,4.489965659255783,4.062660038471222,5.202049040235579,0.0
1779970490,55,GET,/product/L9ECAV7KIM,0.222222,0.222222,7,7,7,7,7,7,7,7,7,7,7,3,3,6,5.824248966140051,4.670399008318782,6.998109980486333,0.0
1779970490,55,GET,/product/LS4PSXUNUM,0.111111,0.111111,4,4,4,4,4,4,4,4,4,4,4,1,1,4.248925019055605,4.248925019055605,4.248925019055605,4.248925019055605,0.0
1779970490,55,GET,/product/OLJCESPC7Z,0.333333,0.333333,5,5,6,6,6,6,6,6,6,6,6,5,5,4.156287992373109,4.759478382766247,4.156287992373109,6.272739032283425,0.0
1779970490,55,,Aggregated,16.111111,16.111111,6,7,8,9,12,16,35,120,1000,1000,1000,219,219,6,17.413622599741505,3.540223930031061,1040.0119059486315,0.0
1779970491,60,GET,/,12.700000,12.700000,6,7,8,9,12,16,29,120,1000,1000,1000,200,200,6,13.370810330961831,3.540223930031061,1024.6026288950816,0.0
1779970491,60,POST,/cart,1.500000,1.500000,6,7,8,9,16,36,36,36,36,36,36,18,18,6,8.62960150051448,4.52330696862191,35.70611495524645,0.0
1779970491,60,POST,/cart/checkout,0.600000,0.600000,5,5,6,6,9,9,9,9,9,9,9,8,8,5,6.375374359777197,4.006576957181096,13.206345960497856,0.0
1779970491,60,GET,/product/0PUK6V6EV0,0.200000,0.200000,11,11,11,11,11,11,11,11,11,11,11,3,3,7,7.818865667407711,5.508766043931246,11.026299907825887,0.0
1779970491,60,GET,/product/1YMWWN1N4O,0.500000,0.500000,10,10,14,14,1000,1000,1000,1000,1000,1000,1000,6,6,5,179.94337918935344,4.619461018592119,1040.0119059486315,0.0
1779970491,60,GET,/product/2ZYFJ3GM2N,0.400000,0.400000,8,8,8,8,8,8,8,8,8,8,8,4,4,5,6.019686989020556,3.690602956339717,8.332367986440659,0.0
1779970491,60,GET,/product/66VCHSJNUP,0.300000,0.300000,7,7,9,9,9,9,9,9,9,9,9,4,4,4.317249055020511,6.157990253996104,4.317249055020511,8.518837043084204,0.0
1779970491,60,GET,/product/6E92ZMYYFZ,0.300000,0.300000,4,4,15,15,15,15,15,15,15,15,15,5,5,4.062660038471222,6.619718577712774,4.062660038471222,15.269105904735625,0.0
1779970491,60,GET,/product/9SIQT8TOJO,0.000000,0.000000,0,0,0,0,0,0,0,0,0,0,0,1,1,14.243580983020365,14.243580983020365,14.243580983020365,14.243580983020365,0.0
1779970491,60,GET,/product/L9ECAV7KIM,0.300000,0.300000,7,7,14,14,14,14,14,14,14,14,14,4,4,6,7.757704239338636,4.670399008318782,13.55807005893439,0.0
1779970491,60,GET,/product/LS4PSXUNUM,0.100000,0.100000,4,4,4,4,4,4,4,4,4,4,4,1,1,4.248925019055605,4.248925019055605,4.248925019055605,4.248925019055605,0.0
1779970491,60,GET,/product/OLJCESPC7Z,0.400000,0.400000,5,5,5,6,6,6,6,6,6,6,6,6,6,4.156287992373109,4.834048488798241,4.156287992373109,6.272739032283425,0.0
1779970491,60,,Aggregated,17.300000,17.300000,6,7,8,9,13,16,35,120,1000,1000,1000,260,260,6,15.938275676811687,3.540223930031061,1040.0119059486315,0.0
1779970492,65,GET,/,14.400000,14.400000,6,7,8,9,12,17,29,120,1000,1000,1000,229,229,6,12.69553618670307,3.540223930031061,1024.6026288950816,0.0
1779970492,65,POST,/cart,1.800000,1.800000,6,7,9,9,16,36,36,36,36,36,36,20,20,6,8.563472441164777,4.52330696862191,35.70611495524645,0.0
1779970492,65,POST,/cart/checkout,0.800000,0.800000,5,6,6,6,9,9,9,9,9,9,9,9,9,5,6.293630098096198,4.006576957181096,13.206345960497856,0.0
1779970492,65,GET,/product/0PUK6V6EV0,0.200000,0.200000,11,11,11,11,11,11,11,11,11,11,11,3,3,7,7.818865667407711,5.508766043931246,11.026299907825887,0.0
1779970492,65,GET,/product/1YMWWN1N4O,0.500000,0.500000,10,10,14,14,1000,1000,1000,1000,1000,1000,1000,6,6,5,179.94337918935344,4.619461018592119,1040.0119059486315,0.0
1779970492,65,GET,/product/2ZYFJ3GM2N,0.400000,0.400000,8,8,8,8,8,8,8,8,8,8,8,4,4,5,6.019686989020556,3.690602956339717,8.332367986440659,0.0
1779970492,65,GET,/product/66VCHSJNUP,0.200000,0.200000,7,7,9,9,9,9,9,9,9,9,9,4,4,4.317249055020511,6.157990253996104,4.317249055020511,8.518837043084204,0.0
1779970492,65,GET,/product/6E92ZMYYFZ,0.300000,0.300000,4,4,15,15,15,15,15,15,15,15,15,5,5,4.062660038471222,6.619718577712774,4.062660038471222,15.269105904735625,0.0
1779970492,65,GET,/product/9SIQT8TOJO,0.000000,0.000000,0,0,0,0,0,0,0,0,0,0,0,2,2,4.210083978250623,9.226832480635494,4.210083978250623,14.243580983020365,0.0
1779970492,65,GET,/product/L9ECAV7KIM,0.300000,0.300000,7,7,14,14,14,14,14,14,14,14,14,4,4,6,7.757704239338636,4.670399008318782,13.55807005893439,0.0
1779970492,65,GET,/product/LS4PSXUNUM,0.100000,0.100000,4,4,4,4,4,4,4,4,4,4,4,2,2,4,3.896678041201085,3.5444310633465648,4.248925019055605,0.0
1779970492,65,GET,/product/OLJCESPC7Z,0.500000,0.500000,5,5,6,6,7,7,7,7,7,7,7,7,7,5,5.1874212721096615,4.156287992373109,7.307657971978188,0.0
1779970492,65,,Aggregated,19.500000,19.500000,6,7,8,9,12,16,29,120,1000,1000,1000,295,295,6,14.961714804630285,3.540223930031061,1040.0119059486315,0.0
1779970493,70,GET,/,16.800000,16.800000,6,7,9,10,13,17,29,35,1100,1100,1100,261,261,6,16.241788141111847,3.540223930031061,1067.0820700470358,0.0
1779970493,70,POST,/cart,1.800000,1.800000,7,9,10,12,16,19,36,36,36,36,36,27,27,7,9.098677404431832,4.52330696862191,35.70611495524645,0.0
1779970493,70,POST,/cart/checkout,0.800000,0.800000,5,5,6,6,9,9,9,9,9,9,9,11,11,5,6.215450248088349,4.006576957181096,13.206345960497856,0.0
1779970493,70,GET,/product/0PUK6V6EV0,0.200000,0.200000,7,7,11,11,11,11,11,11,11,11,11,4,4,7,7.677648245589808,5.508766043931246,11.026299907825887,0.0
1779970493,70,GET,/product/1YMWWN1N4O,0.600000,0.600000,10,10,14,14,1000,1000,1000,1000,1000,1000,1000,6,6,5,179.94337918935344,4.619461018592119,1040.0119059486315,0.0
1779970493,70,GET,/product/2ZYFJ3GM2N,0.400000,0.400000,8,8,8,8,8,8,8,8,8,8,8,4,4,5,6.019686989020556,3.690602956339717,8.332367986440659,0.0
1779970493,70,GET,/product/66VCHSJNUP,0.300000,0.300000,9,9,9,9,9,9,9,9,9,9,9,4,4,4.317249055020511,6.157990253996104,4.317249055020511,8.518837043084204,0.0
1779970493,70,GET,/product/6E92ZMYYFZ,0.300000,0.300000,4,4,15,15,15,15,15,15,15,15,15,5,5,4.062660038471222,6.619718577712774,4.062660038471222,15.269105904735625,0.0
1779970493,70,GET,/product/9SIQT8TOJO,0.000000,0.000000,7,7,7,7,7,7,7,7,7,7,7,3,3,7,8.62684496678412,4.210083978250623,14.243580983020365,0.0
1779970493,70,GET,/product/L9ECAV7KIM,0.400000,0.400000,7,7,14,14,14,14,14,14,14,14,14,4,4,6,7.757704239338636,4.670399008318782,13.55807005893439,0.0
1779970493,70,GET,/product/LS4PSXUNUM,0.100000,0.100000,4,4,12,12,12,12,12,12,12,12,12,3,3,4,6.638249033130705,3.5444310633465648,12.121391016989946,0.0
1779970493,70,GET,/product/OLJCESPC7Z,0.600000,0.600000,5,5,6,6,7,7,7,7,7,7,7,7,7,5,5.1874212721096615,4.156287992373109,7.307657971978188,0.0
1779970493,70,,Aggregated,22.300000,22.300000,6,7,9,10,14,17,29,1000,1100,1100,1100,339,339,6,17.281590458170502,3.540223930031061,1067.0820700470358,0.0
1779970494,75,GET,/,19.900000,19.900000,6,7,8,10,13,17,29,35,1100,1100,1100,292,292,6,15.339091513066693,3.540223930031061,1067.0820700470358,0.0
1779970494,75,POST,/cart,1.900000,1.900000,7,9,10,12,16,19,36,36,36,36,36,31,31,7,8.835116097132765,4.4381850166246295,35.70611495524645,0.0
1779970494,75,POST,/cart/checkout,0.800000,0.800000,5,6,6,9,38,38,38,38,38,38,38,13,13,6,8.849713055846783,4.006576957181096,37.98525396268815,0.0
1779970494,75,GET,/product/0PUK6V6EV0,0.300000,0.300000,7,7,11,11,11,11,11,11,11,11,11,5,5,7,7.201119186356664,5.295002949424088,11.026299907825887,0.0
1779970494,75,GET,/product/1YMWWN1N4O,0.600000,0.600000,10,10,14,14,1000,1000,1000,1000,1000,1000,1000,6,6,5,179.94337918935344,4.619461018592119,1040.0119059486315,0.0
1779970494,75,GET,/product/2ZYFJ3GM2N,0.400000,0.400000,8,8,8,8,8,8,8,8,8,8,8,5,5,6,6.062318384647369,3.690602956339717,8.332367986440659,0.0
1779970494,75,GET,/product/66VCHSJNUP,0.300000,0.300000,9,9,9,9,9,9,9,9,9,9,9,4,4,4.317249055020511,6.157990253996104,4.317249055020511,8.518837043084204,0.0
1779970494,75,GET,/product/6E92ZMYYFZ,0.400000,0.400000,4,4,15,15,15,15,15,15,15,15,15,5,5,4.062660038471222,6.619718577712774,4.062660038471222,15.269105904735625,0.0
1779970494,75,GET,/product/9SIQT8TOJO,0.100000,0.100000,7,7,7,7,7,7,7,7,7,7,7,3,3,7,8.62684496678412,4.210083978250623,14.243580983020365,0.0
1779970494,75,GET,/product/L9ECAV7KIM,0.400000,0.400000,7,7,14,14,14,14,14,14,14,14,14,4,4,6,7.757704239338636,4.670399008318782,13.55807005893439,0.0
1779970494,75,GET,/product/LS4PSXUNUM,0.100000,0.100000,7,7,12,12,12,12,12,12,12,12,12,4,4,4,6.824445532402024,3.5444310633465648,12.121391016989946,0.0
1779970494,75,GET,/product/OLJCESPC7Z,0.600000,0.600000,5,5,6,6,7,7,7,7,7,7,7,7,7,5,5.1874212721096615,4.156287992373109,7.307657971978188,0.0
1779970494,75,,Aggregated,25.800000,25.800000,6,7,9,10,14,17,33,38,1100,1100,1100,379,379,6,16.338202349183035,3.540223930031061,1067.0820700470358,0.0
1779970495,80,GET,/,20.900000,20.900000,6,7,8,10,12,17,27,33,1100,1100,1100,320,320,6,14.467302108096192,3.540223930031061,1067.0820700470358,0.0
1779970495,80,POST,/cart,2.300000,2.300000,6,7,9,10,12,19,36,36,36,36,36,36,36,6,8.291090499066437,4.2496370151638985,35.70611495524645,0.0
1779970495,80,POST,/cart/checkout,1.000000,1.000000,6,6,6,6,9,38,38,38,38,38,38,16,16,6,8.2298746710876,4.006576957181096,37.98525396268815,0.0
1779970495,80,GET,/product/0PUK6V6EV0,0.400000,0.400000,7,7,11,11,11,11,11,11,11,11,11,5,5,7,7.201119186356664,5.295002949424088,11.026299907825887,0.0
1779970495,80,GET,/product/1YMWWN1N4O,0.600000,0.600000,5,14,14,1000,1000,1000,1000,1000,1000,1000,1000,6,6,5,179.94337918935344,4.619461018592119,1040.0119059486315,0.0
1779970495,80,GET,/product/2ZYFJ3GM2N,0.300000,0.300000,8,8,8,8,8,8,8,8,8,8,8,5,5,6,6.062318384647369,3.690602956339717,8.332367986440659,0.0
1779970495,80,GET,/product/66VCHSJNUP,0.200000,0.200000,9,9,9,9,9,9,9,9,9,9,9,4,4,4.317249055020511,6.157990253996104,4.317249055020511,8.518837043084204,0.0
1779970495,80,GET,/product/6E92ZMYYFZ,0.300000,0.300000,5,5,15,15,15,15,15,15,15,15,15,6,6,4.062660038471222,6.370736150226246,4.062660038471222,15.269105904735625,0.0
1779970495,80,GET,/product/9SIQT8TOJO,0.200000,0.200000,7,7,7,7,7,7,7,7,7,7,7,3,3,7,8.62684496678412,4.210083978250623,14.243580983020365,0.0
1779970495,80,GET,/product/L9ECAV7KIM,0.400000,0.400000,7,7,14,14,14,14,14,14,14,14,14,5,5,7,7.5455601792782545,4.670399008318782,13.55807005893439,0.0
1779970495,80,GET,/product/LS4PSXUNUM,0.200000,0.200000,4,7,7,12,12,12,12,12,12,12,12,5,5,4,6.35847682133317,3.5444310633465648,12.121391016989946,0.0
1779970495,80,GET,/product/OLJCESPC7Z,0.600000,0.600000,6,6,7,7,7,7,7,7,7,7,7,8,8,5,5.37742160668131,4.156287992373109,7.307657971978188,0.0
1779970495,80,,Aggregated,27.400000,27.400000,6,7,8,9,13,17,29,38,1100,1100,1100,419,419,6,15.291045014224146,3.540223930031061,1067.0820700470358,0.0
1779970496,85,GET,/,23.000000,23.000000,6,7,8,10,14,21,1000,1000,1100,1100,1100,364,364,6,27.33198706166829,2.924880012869835,1067.0820700470358,0.0
1779970496,85,POST,/cart,2.800000,2.800000,6,7,9,10,16,36,1000,1000,1000,1000,1000,41,41,6,32.49469729106328,4.075601929798722,1012.5083579914644,0.0
1779970496,85,POST,/cart/checkout,1.000000,1.000000,6,6,6,6,9,38,38,38,38,38,38,16,16,6,8.2298746710876,4.006576957181096,37.98525396268815,0.0
1779970496,85,GET,/product/0PUK6V6EV0,0.400000,0.400000,7,7,9,9,11,11,11,11,11,11,11,7,7,7,6.946045273382749,3.9978940039873123,11.026299907825887,0.0
1779970496,85,GET,/product/1YMWWN1N4O,0.600000,0.600000,10,10,14,14,14,14,14,14,14,14,14,7,7,10,155.68316115864687,4.619461018592119,1040.0119059486315,0.0
1779970496,85,GET,/product/2ZYFJ3GM2N,0.300000,0.300000,6,6,8,8,8,8,8,8,8,8,8,7,7,5,5.697867267632058,3.690602956339717,8.332367986440659,0.0
1779970496,85,GET,/product/66VCHSJNUP,0.200000,0.200000,7,7,9,9,9,9,9,9,9,9,9,5,5,4,5.486867995932698,2.8023789636790752,8.518837043084204,0.0
1779970496,85,GET,/product/6E92ZMYYFZ,0.300000,0.300000,5,6,6,15,15,15,15,15,15,15,15,7,7,5,6.373563980949776,4.062660038471222,15.269105904735625,0.0
1779970496,85,GET,/product/9SIQT8TOJO,0.300000,0.300000,7,7,12,12,12,12,12,12,12,12,12,5,5,7,8.270096988417208,3.279356984421611,14.243580983020365,0.0
1779970496,85,GET,/product/L9ECAV7KIM,0.400000,0.400000,7,7,14,14,14,14,14,14,14,14,14,6,6,6,6.891157148250689,3.619141993112862,13.55807005893439,0.0
1779970496,85,GET,/product/LS4PSXUNUM,0.300000,0.300000,4,7,7,12,12,12,12,12,12,12,12,5,5,4,6.35847682133317,3.5444310633465648,12.121391016989946,0.0
1779970496,85,GET,/product/OLJCESPC7Z,0.500000,0.500000,6,6,7,7,7,7,7,7,7,7,7,8,8,5,5.37742160668131,4.156287992373109,7.307657971978188,0.0
1779970496,85,,Aggregated,30.100000,30.100000,6,7,8,10,14,20,1000,1000,1100,1100,1100,478,478,6,26.82144741140984,2.8023789636790752,1067.0820700470358,0.0
1779970497,90,GET,/,24.500000,24.500000,6,7,8,9,13,20,1000,1000,1100,1100,1100,404,404,6,25.347909703677853,2.788192010484636,1067.0820700470358,0.0
1779970497,90,POST,/cart,2.700000,2.700000,5,7,9,9,12,19,1000,1000,1000,1000,1000,42,42,6,31.82608997338407,4.075601929798722,1012.5083579914644,0.0
1779970497,90,POST,/cart/checkout,1.000000,1.000000,6,6,8,8,9,38,38,38,38,38,38,17,17,6,8.191808510352583,4.006576957181096,37.98525396268815,0.0
1779970497,90,GET,/product/0PUK6V6EV0,0.400000,0.400000,7,7,9,9,11,11,11,11,11,11,11,7,7,7,6.946045273382749,3.9978940039873123,11.026299907825887,0.0
1779970497,90,GET,/product/1YMWWN1N4O,0.500000,0.500000,10,10,14,14,14,14,14,14,14,14,14,8,8,10,137.41490013489965,4.619461018592119,1040.0119059486315,0.0
1779970497,90,GET,/product/2ZYFJ3GM2N,0.400000,0.400000,6,6,8,8,8,8,8,8,8,8,8,7,7,5,5.697867267632058,3.690602956339717,8.332367986440659,0.0
1779970497,90,GET,/product/66VCHSJNUP,0.100000,0.100000,6,6,7,7,7,7,7,7,7,7,7,6,6,4,5.646355993424852,2.8023789636790752,8.518837043084204,0.0
1779970497,90,GET,/product/6E92ZMYYFZ,0.300000,0.300000,5,6,6,6,15,15,15,15,15,15,15,9,9,5,6.0783235563172235,4.062660038471222,15.269105904735625,0.0
1779970497,90,GET,/product/9SIQT8TOJO,0.300000,0.300000,5,5,7,7,12,12,12,12,12,12,12,7,7,5,7.402723704996918,3.279356984421611,14.243580983020365,0.0
1779970497,90,GET,/product/L9ECAV7KIM,0.300000,0.300000,7,7,14,14,14,14,14,14,14,14,14,6,6,6,6.891157148250689,3.619141993112862,13.55807005893439,0.0
1779970497,90,GET,/product/LS4PSXUNUM,0.400000,0.400000,4,5,7,7,12,12,12,12,12,12,12,7,7,4,5.767236164371882,3.5444310633465648,12.121391016989946,0.0
1779970497,90,GET,/product/OLJCESPC7Z,0.600000,0.600000,6,6,7,7,7,7,7,7,7,7,7,9,9,5,5.192983649774558,3.717479994520545,7.307657971978188,0.0
1779970497,90,,Aggregated,31.500000,31.500000,6,7,8,9,12,18,1000,1000,1100,1100,1100,529,529,6,24.90207031285584,2.788192010484636,1067.0820700470358,0.0
1779970498,95,GET,/,27.300000,27.300000,6,7,8,9,12,18,1000,1000,1100,1100,1100,450,450,6,23.37799082122122,2.788192010484636,1067.0820700470358,0.0
1779970498,95,POST,/cart,3.400000,3.400000,5,7,9,9,12,19,1000,1000,1000,1000,1000,48,48,5,28.42675364324047,3.6149780498817563,1012.5083579914644,0.0
1779970498,95,POST,/cart/checkout,1.200000,1.200000,6,6,6,8,9,38,38,38,38,38,38,19,19,6,7.789376087633795,4.006576957181096,37.98525396268815,0.0
1779970498,95,GET,/product/0PUK6V6EV0,0.400000,0.400000,7,7,7,7,9,9,9,9,9,9,9,8,8,6,6.684943989966996,3.9978940039873123,11.026299907825887,0.0
1779970498,95,GET,/product/1YMWWN1N4O,0.600000,0.600000,10,10,14,14,14,14,14,14,14,14,14,8,8,10,137.41490013489965,4.619461018592119,1040.0119059486315,0.0
1779970498,95,GET,/product/2ZYFJ3GM2N,0.300000,0.300000,6,7,7,8,8,8,8,8,8,8,8,8,8,5,5.826233478728682,3.690602956339717,8.332367986440659,0.0
1779970498,95,GET,/product/66VCHSJNUP,0.100000,0.100000,6,7,7,7,7,7,7,7,7,7,7,8,8,4,5.632747124764137,2.8023789636790752,8.518837043084204,0.0
1779970498,95,GET,/product/6E92ZMYYFZ,0.500000,0.500000,5,6,6,6,15,15,15,15,15,15,15,10,10,5,6.000712898094207,4.062660038471222,15.269105904735625,0.0
1779970498,95,GET,/product/9SIQT8TOJO,0.500000,0.500000,5,5,7,7,12,12,12,12,12,12,12,7,7,5,7.402723704996918,3.279356984421611,14.243580983020365,0.0
1779970498,95,GET,/product/L9ECAV7KIM,0.300000,0.300000,7,7,14,14,14,14,14,14,14,14,14,6,6,6,6.891157148250689,3.619141993112862,13.55807005893439,0.0
1779970498,95,GET,/product/LS4PSXUNUM,0.500000,0.500000,5,5,7,7,12,12,12,12,12,12,12,8,8,4,5.611415021121502,3.5444310633465648,12.121391016989946,0.0
1779970498,95,GET,/product/OLJCESPC7Z,0.600000,0.600000,5,5,7,7,7,7,7,7,7,7,7,11,11,5,5.072222525169226,3.717479994520545,7.307657971978188,0.0
1779970498,95,,Aggregated,35.700000,35.700000,6,7,8,9,12,18,38,1000,1100,1100,1100,591,591,6,22.894936875919235,2.788192010484636,1067.0820700470358,0.0
1779970499,100,GET,/,29.200000,29.200000,6,7,8,10,14,20,1000,1000,1100,1100,1100,491,491,6,22.191929327212122,2.788192010484636,1067.0820700470358,0.0
1779970499,100,POST,/cart,3.400000,3.400000,5,7,9,9,12,19,1000,1000,1000,1000,1000,54,54,5,25.922686961065565,3.6149780498817563,1012.5083579914644,0.0
1779970499,100,POST,/cart/checkout,1.200000,1.200000,6,6,8,9,33,38,38,38,38,38,38,21,21,6,8.853006603506705,4.006576957181096,37.98525396268815,0.0
1779970499,100,GET,/product/0PUK6V6EV0,0.500000,0.500000,7,7,7,7,9,9,9,9,9,9,9,8,8,6,6.684943989966996,3.9978940039873123,11.026299907825887,0.0
1779970499,100,GET,/product/1YMWWN1N4O,0.500000,0.500000,10,10,14,14,14,14,14,14,14,14,14,8,8,10,137.41490013489965,4.619461018592119,1040.0119059486315,0.0
1779970499,100,GET,/product/2ZYFJ3GM2N,0.300000,0.300000,6,7,8,8,9,9,9,9,9,9,9,10,10,5,6.0779665829613805,3.690602956339717,9.35420102905482,0.0
1779970499,100,GET,/product/66VCHSJNUP,0.300000,0.300000,6,7,7,7,7,7,7,7,7,7,7,8,8,4,5.632747124764137,2.8023789636790752,8.518837043084204,0.0
1779970499,100,GET,/product/6E92ZMYYFZ,0.400000,0.400000,5,6,6,6,15,15,15,15,15,15,15,11,11,5,5.9518372661180114,4.062660038471222,15.269105904735625,0.0
1779970499,100,GET,/product/9SIQT8TOJO,0.500000,0.500000,5,5,7,7,12,12,12,12,12,12,12,7,7,5,7.402723704996918,3.279356984421611,14.243580983020365,0.0
1779970499,100,GET,/product/L9ECAV7KIM,0.400000,0.400000,7,7,14,14,14,14,14,14,14,14,14,6,6,6,6.891157148250689,3.619141993112862,13.55807005893439,0.0
1779970499,100,GET,/product/LS4PSXUNUM,0.500000,0.500000,5,6,7,7,12,12,12,12,12,12,12,9,9,5,5.607657574324144,3.5444310633465648,12.121391016989946,0.0
1779970499,100,GET,/product/OLJCESPC7Z,0.700000,0.700000,5,5,7,7,7,7,7,7,7,7,7,11,11,5,5.072222525169226,3.717479994520545,7.307657971978188,0.0
1779970499,100,,Aggregated,37.900000,37.900000,6,7,8,9,14,20,38,1000,1100,1100,1100,644,644,6,21.7476948986903,2.788192010484636,1067.0820700470358,0.0
1779970500,105,GET,/,31.100000,31.100000,6,7,8,10,15,21,37,1000,1100,1100,1100,536,536,6,21.122361770735484,2.788192010484636,1067.0820700470358,0.0
1779970500,105,POST,/cart,3.300000,3.300000,5,7,9,10,13,19,1000,1000,1000,1000,1000,58,58,6,24.814635067616173,3.6149780498817563,1012.5083579914644,0.0
1779970500,105,POST,/cart/checkout,1.200000,1.200000,6,6,8,9,33,38,38,38,38,38,38,23,23,6,8.569423807784915,4.005776951089501,37.98525396268815,0.0
1779970500,105,GET,/product/0PUK6V6EV0,0.500000,0.500000,5,7,7,7,9,9,9,9,9,9,9,9,9,6,6.48677465505898,3.9978940039873123,11.026299907825887,0.0
1779970500,105,GET,/product/1YMWWN1N4O,0.400000,0.400000,10,10,10,14,14,14,14,14,14,14,14,10,10,9,111.34126861579716,4.619461018592119,1040.0119059486315,0.0
1779970500,105,GET,/product/2ZYFJ3GM2N,0.300000,0.300000,6,6,7,7,9,9,9,9,9,9,9,10,10,5,6.0779665829613805,3.690602956339717,9.35420102905482,0.0
1779970500,105,GET,/product/66VCHSJNUP,0.300000,0.300000,6,7,7,7,7,7,7,7,7,7,7,11,11,5,5.6351475332948295,2.8023789636790752,8.518837043084204,0.0
1779970500,105,GET,/product/6E92ZMYYFZ,0.600000,0.600000,5,5,6,6,6,6,6,6,6,6,6,11,11,5,5.9518372661180114,4.062660038471222,15.269105904735625,0.0
1779970500,105,GET,/product/9SIQT8TOJO,0.700000,0.700000,5,7,12,12,17,17,17,17,17,17,17,8,8,5,8.5733146261191,3.279356984421611,16.76745107397437,0.0
1779970500,105,GET,/product/L9ECAV7KIM,0.400000,0.400000,8,8,14,14,14,14,14,14,14,14,14,7,7,7,7.072430569678545,3.619141993112862,13.55807005893439,0.0
1779970500,105,GET,/product/LS4PSXUNUM,0.600000,0.600000,5,6,7,7,12,12,12,12,12,12,12,9,9,5,5.607657574324144,3.5444310633465648,12.121391016989946,0.0
1779970500,105,GET,/product/OLJCESPC7Z,0.800000,0.800000,6,7,7,7,7,7,7,7,7,7,7,14,14,5,5.4037557066684325,3.717479994520545,7.307657971978188,0.0
1779970500,105,,Aggregated,40.200000,40.200000,6,7,8,9,14,20,37,1000,1100,1100,1100,706,706,6,20.626312572734626,2.788192010484636,1067.0820700470358,0.0
1779970501,110,GET,/,33.400000,33.400000,6,7,8,9,14,20,37,1000,1100,1100,1100,586,586,6,19.9358186516879,2.788192010484636,1067.0820700470358,0.0
1779970501,110,POST,/cart,3.600000,3.600000,5,7,9,9,12,16,1000,1000,1000,1000,1000,62,62,6,23.622782450289495,3.6149780498817563,1012.5083579914644,0.0
1779970501,110,POST,/cart/checkout,1.300000,1.300000,6,6,7,7,9,33,38,38,38,38,38,29,29,6,8.131313639500275,4.005776951089501,37.98525396268815,0.0
1779970501,110,GET,/product/0PUK6V6EV0,0.600000,0.600000,5,6,7,7,9,9,9,9,9,9,9,10,10,6,6.424355483613908,3.9978940039873123,11.026299907825887,0.0
1779970501,110,GET,/product/1YMWWN1N4O,0.300000,0.300000,10,10,10,14,14,14,14,14,14,14,14,10,10,9,111.34126861579716,4.619461018592119,1040.0119059486315,0.0
1779970501,110,GET,/product/2ZYFJ3GM2N,0.400000,0.400000,5,6,7,7,9,9,9,9,9,9,9,11,11,5,5.787218889136883,2.879741950891912,9.35420102905482,0.0
1779970501,110,GET,/product/66VCHSJNUP,0.500000,0.500000,6,7,7,7,7,7,7,7,7,7,7,11,11,5,5.6351475332948295,2.8023789636790752,8.518837043084204,0.0
1779970501,110,GET,/product/6E92ZMYYFZ,0.800000,0.800000,5,6,6,6,8,8,8,8,8,8,8,12,12,5,6.110486661782488,4.062660038471222,15.269105904735625,0.0
1779970501,110,GET,/product/9SIQT8TOJO,0.700000,0.700000,5,7,12,12,17,17,17,17,17,17,17,8,8,5,8.5733146261191,3.279356984421611,16.76745107397437,0.0
1779970501,110,GET,/product/L9ECAV7KIM,0.300000,0.300000,8,8,9,9,14,14,14,14,14,14,14,9,9,7,7.006014774863918,3.619141993112862,13.55807005893439,0.0
1779970501,110,GET,/product/LS4PSXUNUM,0.700000,0.700000,5,6,7,7,12,12,12,12,12,12,12,10,10,5,5.7750684092752635,3.5444310633465648,12.121391016989946,0.0
1779970501,110,GET,/product/OLJCESPC7Z,0.700000,0.700000,7,7,7,7,7,7,7,7,7,7,7,14,14,5,5.4037557066684325,3.717479994520545,7.307657971978188,0.0
1779970501,110,,Aggregated,43.300000,43.300000,6,7,8,9,13,18,37,1000,1100,1100,1100,772,772,6,19.461764718787116,2.788192010484636,1067.0820700470358,0.0
1779970502,115,GET,/,35.700000,35.700000,6,7,8,9,14,18,33,1000,1100,1100,1100,644,644,6,18.799461659350612,2.788192010484636,1067.0820700470358,0.0
1779970502,115,POST,/cart,3.600000,3.600000,5,6,7,8,9,11,1000,1000,1000,1000,1000,67,67,6,22.268922462600713,3.6149780498817563,1012.5083579914644,0.0
1779970502,115,POST,/cart/checkout,1.300000,1.300000,6,7,7,8,10,33,38,38,38,38,38,32,32,6,8.038621675950708,4.005776951089501,37.98525396268815,0.0
1779970502,115,GET,/product/0PUK6V6EV0,0.600000,0.600000,5,6,7,7,9,9,9,9,9,9,9,10,10,6,6.424355483613908,3.9978940039873123,11.026299907825887,0.0
1779970502,115,GET,/product/1YMWWN1N4O,0.400000,0.400000,9,9,10,10,10,10,10,10,10,10,10,12,12,7,93.69752725857931,3.823875915259123,1040.0119059486315,0.0
1779970502,115,GET,/product/2ZYFJ3GM2N,0.600000,0.600000,5,6,7,9,11,11,11,11,11,11,11,13,13,5,6.00191444839136,2.879741950891912,10.931823053397238,0.0
1779970502,115,GET,/product/66VCHSJNUP,0.500000,0.500000,5,6,7,7,7,7,7,7,7,7,7,12,12,5,5.610224984896679,2.8023789636790752,8.518837043084204,0.0
1779970502,115,GET,/product/6E92ZMYYFZ,0.800000,0.800000,5,5,6,6,8,8,8,8,8,8,8,13,13,5,6.017396763826792,4.062660038471222,15.269105904735625,0.0
1779970502,115,GET,/product/9SIQT8TOJO,0.700000,0.700000,7,7,12,12,17,17,17,17,17,17,17,8,8,5,8.5733146261191,3.279356984421611,16.76745107397437,0.0
1779970502,115,GET,/product/L9ECAV7KIM,0.300000,0.300000,7,8,9,9,9,9,9,9,9,9,9,11,11,7,7.258374095809731,3.619141993112862,13.55807005893439,0.0
1779970502,115,GET,/product/LS4PSXUNUM,0.800000,0.800000,6,7,7,7,12,12,12,12,12,12,12,10,10,5,5.7750684092752635,3.5444310633465648,12.121391016989946,0.0
1779970502,115,GET,/product/OLJCESPC7Z,0.700000,0.700000,7,7,7,7,7,7,7,7,7,7,7,14,14,5,5.4037557066684325,3.717479994520545,7.307657971978188,0.0
1779970502,115,,Aggregated,46.000000,46.000000,6,7,8,9,12,17,33,1000,1100,1100,1100,846,846,6,18.38076422081811,2.788192010484636,1067.0820700470358,0.0
1779970503,120,GET,/,38.400000,38.400000,6,7,8,9,14,20,29,1000,1000,1000,1000,691,691,6,18.143720785189586,2.788192010484636,1067.0820700470358,0.0
1779970503,120,POST,/cart,4.100000,4.100000,5,6,8,9,13,30,1000,1000,1000,1000,1000,70,70,6,22.166796915033565,3.6149780498817563,1012.5083579914644,0.0
1779970503,120,POST,/cart/checkout,1.500000,1.500000,6,7,7,8,10,33,38,38,38,38,38,34,34,6,8.000827750519795,4.005776951089501,37.98525396268815,0.0
1779970503,120,GET,/product/0PUK6V6EV0,0.700000,0.700000,6,6,8,8,9,9,9,9,9,9,9,12,12,6,6.483497321217631,3.9978940039873123,11.026299907825887,0.0
1779970503,120,GET,/product/1YMWWN1N4O,0.400000,0.400000,7,9,10,10,10,10,10,10,10,10,10,13,13,7,87.00490239649437,3.823875915259123,1040.0119059486315,0.0
1779970503,120,GET,/product/2ZYFJ3GM2N,0.700000,0.700000,6,7,7,9,11,11,11,11,11,11,11,14,14,5,6.056287916310664,2.879741950891912,10.931823053397238,0.0
1779970503,120,GET,/product/66VCHSJNUP,0.700000,0.700000,5,5,6,7,7,7,7,7,7,7,7,13,13,5,5.536651140293823,2.8023789636790752,8.518837043084204,0.0
1779970503,120,GET,/product/6E92ZMYYFZ,0.700000,0.700000,5,6,6,6,8,8,8,8,8,8,8,13,13,5,6.017396763826792,4.062660038471222,15.269105904735625,0.0
1779970503,120,GET,/product/9SIQT8TOJO,0.800000,0.800000,7,7,12,12,17,17,17,17,17,17,17,10,10,6,8.185402606613934,3.279356984421611,16.76745107397437,0.0
1779970503,120,GET,/product/L9ECAV7KIM,0.400000,0.400000,7,8,9,9,9,9,9,9,9,9,9,12,12,7,6.952017012129848,3.5820890916511416,13.55807005893439,0.0
1779970503,120,GET,/product/LS4PSXUNUM,0.900000,0.900000,6,7,7,7,9,9,9,9,9,9,9,11,11,5,6.109822276895019,3.5444310633465648,12.121391016989946,0.0
1779970503,120,GET,/product/OLJCESPC7Z,0.800000,0.800000,6,7,7,7,7,7,7,7,7,7,7,14,14,5,5.4037557066684325,3.717479994520545,7.307657971978188,0.0
1779970503,120,,Aggregated,50.100000,50.100000,6,7,8,9,12,19,30,1000,1000,1000,1000,907,907,6,17.76517111122148,2.788192010484636,1067.0820700470358,0.0
1779970504,125,GET,/,38.900000,38.900000,6,8,9,10,15,21,30,1000,1000,1000,1000,751,751,6,17.549321989525115,2.788192010484636,1067.0820700470358,0.0
1779970504,125,POST,/cart,4.300000,4.300000,6,7,9,9,13,22,1000,1000,1000,1000,1000,76,76,6,21.235900407191366,3.6149780498817563,1012.5083579914644,0.0
1779970504,125,POST,/cart/checkout,2.200000,2.200000,6,7,8,9,10,15,33,33,33,33,33,36,36,6,8.23311010026373,4.005776951089501,37.98525396268815,0.0
1779970504,125,GET,/product/0PUK6V6EV0,0.700000,0.700000,5,6,6,8,9,9,9,9,9,9,9,14,14,6,6.098537423115756,3.6101529840379953,11.026299907825887,0.0
1779970504,125,GET,/product/1YMWWN1N4O,0.400000,0.400000,7,7,9,10,10,10,10,10,10,10,10,15,15,7,76.05316260984789,3.727138973772526,1040.0119059486315,0.0
1779970504,125,GET,/product/2ZYFJ3GM2N,0.700000,0.700000,6,7,7,9,11,11,11,11,11,11,11,15,15,6,6.0423213833322125,2.879741950891912,10.931823053397238,0.0
1779970504,125,GET,/product/66VCHSJNUP,0.700000,0.700000,5,5,6,7,7,7,7,7,7,7,7,13,13,5,5.536651140293823,2.8023789636790752,8.518837043084204,0.0
1779970504,125,GET,/product/6E92ZMYYFZ,0.700000,0.700000,5,6,6,6,8,8,8,8,8,8,8,13,13,5,6.017396763826792,4.062660038471222,15.269105904735625,0.0
1779970504,125,GET,/product/9SIQT8TOJO,0.700000,0.700000,6,7,12,12,17,17,17,17,17,17,17,10,10,6,8.185402606613934,3.279356984421611,16.76745107397437,0.0
1779970504,125,GET,/product/L9ECAV7KIM,0.600000,0.600000,7,8,9,9,9,9,9,9,9,9,9,12,12,7,6.952017012129848,3.5820890916511416,13.55807005893439,0.0
1779970504,125,GET,/product/LS4PSXUNUM,0.900000,0.900000,5,6,7,7,9,9,9,9,9,9,9,12,12,5,5.888599834482496,3.4551529679447412,12.121391016989946,0.0
1779970504,125,GET,/product/OLJCESPC7Z,0.800000,0.800000,7,7,7,7,9,9,9,9,9,9,9,15,15,5,5.639183195307851,3.717479994520545,8.93516803625971,0.0
1779970504,125,,Aggregated,51.600000,51.600000,6,7,9,9,14,20,30,1000,1000,1000,1000,982,982,6,17.186766590040115,2.788192010484636,1067.0820700470358,0.0
1779970505,130,GET,/,41.800000,41.800000,7,8,9,11,16,21,26,35,57,57,57,795,795,6,17.222429220945394,2.788192010484636,1067.0820700470358,0.0
1779970505,130,POST,/cart,4.500000,4.500000,6,7,9,9,13,22,30,30,30,30,30,85,85,6,19.857139986775376,3.6149780498817563,1012.5083579914644,0.0
1779970505,130,POST,/cart/checkout,2.100000,2.100000,7,7,9,9,15,18,33,33,33,33,33,39,39,6,8.417845781271657,4.005776951089501,37.98525396268815,0.0
1779970505,130,GET,/product/0PUK6V6EV0,0.700000,0.700000,5,6,6,6,8,8,8,8,8,8,8,14,14,6,6.098537423115756,3.6101529840379953,11.026299907825887,0.0
1779970505,130,GET,/product/1YMWWN1N4O,0.600000,0.600000,7,7,9,9,10,10,10,10,10,10,10,15,15,7,76.05316260984789,3.727138973772526,1040.0119059486315,0.0
1779970505,130,GET,/product/2ZYFJ3GM2N,1.000000,1.000000,6,7,7,9,11,11,11,11,11,11,11,15,15,6,6.0423213833322125,2.879741950891912,10.931823053397238,0.0
1779970505,130,GET,/product/66VCHSJNUP,0.800000,0.800000,5,7,7,7,9,9,9,9,9,9,9,15,15,5,6.018798123113811,2.8023789636790752,9.243480977602303,0.0
1779970505,130,GET,/product/6E92ZMYYFZ,0.800000,0.800000,5,6,6,6,8,8,8,8,8,8,8,13,13,5,6.017396763826792,4.062660038471222,15.269105904735625,0.0
1779970505,130,GET,/product/9SIQT8TOJO,0.700000,0.700000,7,8,11,12,17,17,17,17,17,17,17,12,12,7,8.354090338495249,3.279356984421611,16.76745107397437,0.0
1779970505,130,GET,/product/L9ECAV7KIM,0.700000,0.700000,7,8,9,9,9,9,9,9,9,9,9,13,13,7,6.9806373212486506,3.5820890916511416,13.55807005893439,0.0
1779970505,130,GET,/product/LS4PSXUNUM,0.800000,0.800000,5,5,6,7,9,9,9,9,9,9,9,15,15,5,5.631078057922423,3.4551529679447412,12.121391016989946,0.0
1779970505,130,GET,/product/OLJCESPC7Z,0.700000,0.700000,7,7,9,12,38,38,38,38,38,38,38,18,18,6,7.7916470537376075,3.717479994520545,38.02228602580726,0.0
1779970505,130,,Aggregated,55.200000,55.200000,6,8,9,10,15,20,27,33,57,57,57,1049,1049,6,16.7864797098848,2.788192010484636,1067.0820700470358,0.0
1779970506,135,GET,/,44.600000,44.600000,7,8,9,11,16,23,37,1100,1100,1100,1100,864,864,6,23.680880282982898,2.240507979877293,1067.0820700470358,0.0
1779970506,135,POST,/cart,4.300000,4.300000,6,7,9,9,13,30,30,1100,1100,1100,1100,94,94,6,29.750366563948386,3.5830920096486807,1055.4386710282415,0.0
1779970506,135,POST,/cart/checkout,2.200000,2.200000,7,7,8,9,15,18,33,33,33,33,33,42,42,6,8.248095273128932,3.708933014422655,37.98525396268815,0.0
1779970506,135,GET,/product/0PUK6V6EV0,0.900000,0.900000,5,6,6,6,8,8,8,8,8,8,8,14,14,6,6.098537423115756,3.6101529840379953,11.026299907825887,0.0
1779970506,135,GET,/product/1YMWWN1N4O,0.800000,0.800000,7,7,9,9,10,10,10,10,10,10,10,16,16,7,71.85568626300665,3.727138973772526,1040.0119059486315,0.0
1779970506,135,GET,/product/2ZYFJ3GM2N,1.000000,1.000000,6,7,7,9,11,11,11,11,11,11,11,16,16,5,6.0033642294001766,2.879741950891912,10.931823053397238,0.0
1779970506,135,GET,/product/66VCHSJNUP,0.900000,0.900000,5,7,7,7,9,9,9,9,9,9,9,15,15,5,6.018798123113811,2.8023789636790752,9.243480977602303,0.0
1779970506,135,GET,/product/6E92ZMYYFZ,0.800000,0.800000,5,6,6,6,8,8,8,8,8,8,8,14,14,5,6.050178706313351,4.062660038471222,15.269105904735625,0.0
1779970506,135,GET,/product/9SIQT8TOJO,0.700000,0.700000,6,7,8,11,17,17,17,17,17,17,17,14,14,6,7.863125007133931,3.279356984421611,16.76745107397437,0.0
1779970506,135,GET,/product/L9ECAV7KIM,0.800000,0.800000,7,8,9,9,9,9,9,9,9,9,9,14,14,7,7.139721012208611,3.5820890916511416,13.55807005893439,0.0
1779970506,135,GET,/product/LS4PSXUNUM,0.800000,0.800000,5,5,6,7,9,9,9,9,9,9,9,15,15,5,5.631078057922423,3.4551529679447412,12.121391016989946,0.0
1779970506,135,GET,/product/OLJCESPC7Z,0.800000,0.800000,7,7,9,9,12,38,38,38,38,38,38,21,21,6,7.646876004790621,3.717479994520545,38.02228602580726,0.0
1779970506,135,,Aggregated,58.600000,58.600000,7,8,9,10,15,23,35,1000,1100,1100,1100,1139,1139,6,22.444630588022168,2.240507979877293,1067.0820700470358,0.0
1779970507,140,GET,/,47.000000,47.000000,7,8,10,11,16,23,35,1000,1100,1100,1100,928,928,6,22.59490270732605,2.240507979877293,1067.0820700470358,0.0
1779970507,140,POST,/cart,4.600000,4.600000,6,7,9,9,13,30,30,1100,1100,1100,1100,98,98,6,28.80825501942665,3.5830920096486807,1055.4386710282415,0.0
1779970507,140,POST,/cart/checkout,2.400000,2.400000,7,7,7,8,10,18,33,33,33,33,33,49,49,6,7.869398684659022,3.708933014422655,37.98525396268815,0.0
1779970507,140,GET,/product/0PUK6V6EV0,0.900000,0.900000,5,6,6,6,8,8,8,8,8,8,8,16,16,6,5.958480927802157,3.6101529840379953,11.026299907825887,0.0
1779970507,140,GET,/product/1YMWWN1N4O,0.900000,0.900000,7,7,7,9,9,9,9,9,9,9,9,18,18,7,64.47077373741195,3.727138973772526,1040.0119059486315,0.0
1779970507,140,GET,/product/2ZYFJ3GM2N,1.000000,1.000000,7,7,9,10,11,11,11,11,11,11,11,17,17,6,6.257163394954713,2.879741950891912,10.931823053397238,0.0
1779970507,140,GET,/product/66VCHSJNUP,1.000000,1.000000,5,7,7,9,9,9,9,9,9,9,9,16,16,5,5.955005610303488,2.8023789636790752,9.243480977602303,0.0
1779970507,140,GET,/product/6E92ZMYYFZ,0.800000,0.800000,5,6,7,7,8,8,8,8,8,8,8,16,16,5,6.020616929163225,4.062660038471222,15.269105904735625,0.0
1779970507,140,GET,/product/9SIQT8TOJO,0.700000,0.700000,7,8,8,9,11,17,17,17,17,17,17,19,19,7,7.724364790575285,3.279356984421611,16.76745107397437,0.0
1779970507,140,GET,/product/L9ECAV7KIM,0.800000,0.800000,7,8,9,9,9,9,9,9,9,9,9,14,14,7,7.139721012208611,3.5820890916511416,13.55807005893439,0.0
1779970507,140,GET,/product/LS4PSXUNUM,0.900000,0.900000,5,6,7,8,9,9,9,9,9,9,9,16,16,5,5.783835556940176,3.4551529679447412,12.121391016989946,0.0
1779970507,140,GET,/product/OLJCESPC7Z,0.800000,0.800000,7,8,8,9,12,38,38,38,38,38,38,22,22,6,7.684646417725492,3.717479994520545,38.02228602580726,0.0
1779970507,140,,Aggregated,61.800000,61.800000,7,8,9,10,16,22,33,1000,1100,1100,1100,1229,1229,6,21.349872429298195,2.240507979877293,1067.0820700470358,0.0
1779970508,145,GET,/,48.500000,48.500000,7,8,10,12,17,25,43,1000,1100,1100,1100,998,998,7,21.88063203543798,2.240507979877293,1067.0820700470358,0.0
1779970508,145,POST,/cart,5.100000,5.100000,6,9,9,11,20,30,1100,1100,1100,1100,1100,101,101,6,28.286234543677235,3.5830920096486807,1055.4386710282415,0.0
1779970508,145,POST,/cart/checkout,2.400000,2.400000,7,7,9,10,15,33,33,33,33,33,33,53,53,6,8.439809841736448,3.708933014422655,37.98525396268815,0.0
1779970508,145,GET,/product/0PUK6V6EV0,0.800000,0.800000,5,6,6,6,8,8,8,8,8,8,8,16,16,6,5.958480927802157,3.6101529840379953,11.026299907825887,0.0
1779970508,145,GET,/product/1YMWWN1N4O,0.800000,0.800000,6,7,7,7,9,9,9,9,9,9,9,19,19,7,61.32370669786867,3.727138973772526,1040.0119059486315,0.0
1779970508,145,GET,/product/2ZYFJ3GM2N,0.900000,0.900000,7,9,10,10,11,11,11,11,11,11,11,18,18,6,6.475195320995732,2.879741950891912,10.931823053397238,0.0
1779970508,145,GET,/product/66VCHSJNUP,1.100000,1.100000,5,7,8,8,9,9,9,9,9,9,9,18,18,5,5.983690427254057,2.8023789636790752,9.243480977602303,0.0
1779970508,145,GET,/product/6E92ZMYYFZ,0.700000,0.700000,5,6,7,7,8,8,8,8,8,8,8,17,17,5,5.940622232361314,4.062660038471222,15.269105904735625,0.0
1779970508,145,GET,/product/9SIQT8TOJO,0.700000,0.700000,8,8,8,9,11,17,17,17,17,17,17,21,21,7,7.575656287372112,3.279356984421611,16.76745107397437,0.0
1779970508,145,GET,/product/L9ECAV7KIM,0.800000,0.800000,8,9,9,9,9,9,9,9,9,9,9,14,14,7,7.139721012208611,3.5820890916511416,13.55807005893439,0.0
1779970508,145,GET,/product/LS4PSXUNUM,1.000000,1.000000,6,7,8,9,9,9,9,9,9,9,9,17,17,5,5.9570468181525085,3.4551529679447412,12.121391016989946,0.0
1779970508,145,GET,/product/OLJCESPC7Z,1.200000,1.200000,7,8,9,9,12,38,38,38,38,38,38,23,23,6,7.530088182133825,3.717479994520545,38.02228602580726,0.0
1779970508,145,,Aggregated,64.000000,64.000000,7,8,9,11,16,23,38,66,1100,1100,1100,1315,1315,6,20.730291806628834,2.240507979877293,1067.0820700470358,0.0
1779970509,150,GET,/,50.500000,50.500000,7,8,10,12,16,23,43,1000,1100,1100,1100,1064,1064,7,21.068339885446186,2.240507979877293,1067.0820700470358,0.0
1779970509,150,POST,/cart,5.300000,5.300000,7,9,11,13,20,30,32,1100,1100,1100,1100,107,107,6,27.528448615693183,3.5830920096486807,1055.4386710282415,0.0
1779970509,150,POST,/cart/checkout,2.700000,2.700000,7,7,9,9,12,18,33,33,33,33,33,57,57,7,8.32997109912532,3.255518968217075,37.98525396268815,0.0
1779970509,150,GET,/product/0PUK6V6EV0,0.700000,0.700000,6,6,6,7,8,8,8,8,8,8,8,18,18,6,5.970817544342329,3.6101529840379953,11.026299907825887,0.0
1779970509,150,GET,/product/1YMWWN1N4O,0.900000,0.900000,6,7,7,7,9,9,9,9,9,9,9,19,19,7,61.32370669786867,3.727138973772526,1040.0119059486315,0.0
1779970509,150,GET,/product/2ZYFJ3GM2N,0.900000,0.900000,6,7,10,10,11,11,11,11,11,11,11,19,19,6,6.454670562801001,2.879741950891912,10.931823053397238,0.0
1779970509,150,GET,/product/66VCHSJNUP,0.900000,0.900000,5,8,9,9,9,11,11,11,11,11,11,19,19,5,6.242637038475981,2.8023789636790752,10.9036760404706,0.0
1779970509,150,GET,/product/6E92ZMYYFZ,0.700000,0.700000,6,6,7,7,8,8,8,8,8,8,8,17,17,5,5.940622232361314,4.062660038471222,15.269105904735625,0.0
1779970509,150,GET,/product/9SIQT8TOJO,1.200000,1.200000,7,8,8,8,11,17,17,17,17,17,17,23,23,7,7.330930999318219,3.279356984421611,16.76745107397437,0.0
1779970509,150,GET,/product/L9ECAV7KIM,0.800000,0.800000,8,9,9,9,9,9,9,9,9,9,9,14,14,7,7.139721012208611,3.5820890916511416,13.55807005893439,0.0
1779970509,150,GET,/product/LS4PSXUNUM,1.000000,1.000000,7,8,9,9,9,9,9,9,9,9,9,17,17,5,5.9570468181525085,3.4551529679447412,12.121391016989946,0.0
1779970509,150,GET,/product/OLJCESPC7Z,1.300000,1.300000,7,8,9,9,12,38,38,38,38,38,38,24,24,6,7.405821966434208,3.717479994520545,38.02228602580726,0.0
1779970509,150,,Aggregated,66.900000,66.900000,7,8,9,11,16,23,38,66,1100,1100,1100,1398,1398,6,20.028260077492405,2.240507979877293,1067.0820700470358,0.0
1779970510,150,GET,/,52.800000,52.800000,7,8,10,11,16,23,43,1000,1100,1100,1100,1138,1138,6,20.12374958603255,2.240507979877293,1067.0820700470358,0.0
1779970510,150,POST,/cart,5.700000,5.700000,6,8,9,13,20,30,32,1100,1100,1100,1100,115,115,6,26.009002649832677,3.5830920096486807,1055.4386710282415,0.0
1779970510,150,POST,/cart/checkout,3.100000,3.100000,7,7,9,10,14,18,33,33,33,33,33,62,62,6,8.238743701499075,3.255518968217075,37.98525396268815,0.0
1779970510,150,GET,/product/0PUK6V6EV0,0.900000,0.900000,6,6,6,7,8,8,8,8,8,8,8,19,19,6,5.920915619323128,3.6101529840379953,11.026299907825887,0.0
1779970510,150,GET,/product/1YMWWN1N4O,1.000000,1.000000,6,7,7,7,9,9,9,9,9,9,9,19,19,7,61.32370669786867,3.727138973772526,1040.0119059486315,0.0
1779970510,150,GET,/product/2ZYFJ3GM2N,1.100000,1.100000,6,7,10,10,11,21,21,21,21,21,21,23,23,6,6.888047331417709,2.879741950891912,21.33777004200965,0.0
1779970510,150,GET,/product/66VCHSJNUP,1.000000,1.000000,7,8,8,9,9,11,11,11,11,11,11,22,22,6,6.369855493010784,2.8023789636790752,10.9036760404706,0.0
1779970510,150,GET,/product/6E92ZMYYFZ,0.700000,0.700000,6,6,7,7,8,8,8,8,8,8,8,17,17,5,5.940622232361314,4.062660038471222,15.269105904735625,0.0
1779970510,150,GET,/product/9SIQT8TOJO,1.200000,1.200000,7,8,8,8,11,17,17,17,17,17,17,26,26,6,7.1432804196284945,3.279356984421611,16.76745107397437,0.0
1779970510,150,GET,/product/L9ECAV7KIM,0.800000,0.800000,9,9,9,9,9,9,9,9,9,9,9,14,14,7,7.139721012208611,3.5820890916511416,13.55807005893439,0.0
1779970510,150,GET,/product/LS4PSXUNUM,0.900000,0.900000,6,8,9,9,9,15,15,15,15,15,15,20,20,5,6.406992388656363,3.4551529679447412,14.985385932959616,0.0
1779970510,150,GET,/product/OLJCESPC7Z,1.100000,1.100000,7,8,8,9,12,38,38,38,38,38,38,25,25,6,7.242149645462632,3.314013942144811,38.02228602580726,0.0
1779970510,150,,Aggregated,70.300000,70.300000,7,8,9,10,15,22,38,66,1100,1100,1100,1500,1500,6,19.116493152376886,2.240507979877293,1067.0820700470358,0.0
1779970511,150,GET,/,55.900000,55.900000,7,8,10,11,16,24,43,1000,1100,1100,1100,1198,1198,7,19.572679908248052,2.240507979877293,1067.0820700470358,0.0
1779970511,150,POST,/cart,5.300000,5.300000,7,8,9,13,20,30,32,1100,1100,1100,1100,123,123,6,24.784925852796228,3.5830920096486807,1055.4386710282415,0.0
1779970511,150,POST,/cart/checkout,3.600000,3.600000,7,8,10,10,14,18,33,33,33,33,33,65,65,7,8.188773424794467,3.255518968217075,37.98525396268815,0.0
1779970511,150,GET,/product/0PUK6V6EV0,0.900000,0.900000,5,6,6,7,8,8,8,8,8,8,8,19,19,6,5.920915619323128,3.6101529840379953,11.026299907825887,0.0
1779970511,150,GET,/product/1YMWWN1N4O,1.100000,1.100000,6,7,7,7,7,9,9,9,9,9,9,21,21,7,56.08950011498694,3.727138973772526,1040.0119059486315,0.0
1779970511,150,GET,/product/2ZYFJ3GM2N,1.100000,1.100000,6,10,10,11,19,21,21,21,21,21,21,24,24,6,7.375013607088476,2.879741950891912,21.33777004200965,0.0
1779970511,150,GET,/product/66VCHSJNUP,1.100000,1.100000,7,8,8,9,9,11,11,11,11,11,11,24,24,7,6.423508617444895,2.8023789636790752,10.9036760404706,0.0
1779970511,150,GET,/product/6E92ZMYYFZ,0.600000,0.600000,6,6,7,7,7,7,7,7,7,7,7,18,18,5,5.991128777774672,4.062660038471222,15.269105904735625,0.0
1779970511,150,GET,/product/9SIQT8TOJO,1.500000,1.500000,7,7,8,8,9,11,11,11,11,11,11,26,26,6,7.1432804196284945,3.279356984421611,16.76745107397437,0.0
1779970511,150,GET,/product/L9ECAV7KIM,0.800000,0.800000,8,8,9,9,9,9,9,9,9,9,9,16,16,7,7.138490953366272,3.5820890916511416,13.55807005893439,0.0
1779970511,150,GET,/product/LS4PSXUNUM,0.900000,0.900000,6,8,9,9,15,15,15,15,15,15,15,20,20,5,6.406992388656363,3.4551529679447412,14.985385932959616,0.0
1779970511,150,GET,/product/OLJCESPC7Z,1.200000,1.200000,7,8,8,9,12,38,38,38,38,38,38,28,28,6,7.170866642679487,3.314013942144811,38.02228602580726,0.0
1779970511,150,,Aggregated,74.000000,74.000000,7,8,9,11,16,23,38,66,1100,1100,1100,1582,1582,6,18.575937859095898,2.240507979877293,1067.0820700470358,0.0
1779970512,150,GET,/,57.500000,57.500000,7,8,9,11,16,23,41,66,1100,1100,1100,1259,1259,7,18.950071385000093,2.240507979877293,1067.0820700470358,0.0
1779970512,150,POST,/cart,5.500000,5.500000,7,8,9,11,15,30,32,1100,1100,1100,1100,125,125,6,24.521993279457092,3.5830920096486807,1055.4386710282415,0.0
1779970512,150,POST,/cart/checkout,3.600000,3.600000,7,8,10,10,14,18,33,33,33,33,33,68,68,7,8.20879902355099,3.255518968217075,37.98525396268815,0.0
1779970512,150,GET,/product/0PUK6V6EV0,1.100000,1.100000,5,5,6,7,8,8,8,8,8,8,8,20,20,5,5.821555538568646,3.6101529840379953,11.026299907825887,0.0
1779970512,150,GET,/product/1YMWWN1N4O,1.000000,1.000000,7,7,8,8,9,9,9,9,9,9,9,23,23,7,51.940269631576605,3.727138973772526,1040.0119059486315,0.0
1779970512,150,GET,/product/2ZYFJ3GM2N,1.000000,1.000000,7,8,10,11,19,21,21,21,21,21,21,26,26,6,7.406383170746267,2.879741950891912,21.33777004200965,0.0
1779970512,150,GET,/product/66VCHSJNUP,1.200000,1.200000,7,8,9,9,9,11,11,11,11,11,11,24,24,7,6.423508617444895,2.8023789636790752,10.9036760404706,0.0
1779970512,150,GET,/product/6E92ZMYYFZ,0.600000,0.600000,6,6,7,7,7,7,7,7,7,7,7,18,18,5,5.991128777774672,4.062660038471222,15.269105904735625,0.0
1779970512,150,GET,/product/9SIQT8TOJO,1.600000,1.600000,7,8,8,8,9,11,11,11,11,11,11,26,26,6,7.1432804196284945,3.279356984421611,16.76745107397437,0.0
1779970512,150,GET,/product/L9ECAV7KIM,0.800000,0.800000,8,8,9,9,10,10,10,10,10,10,10,19,19,7,7.280797544425647,3.5820890916511416,13.55807005893439,0.0
1779970512,150,GET,/product/LS4PSXUNUM,0.800000,0.800000,6,8,9,9,15,15,15,15,15,15,15,20,20,5,6.406992388656363,3.4551529679447412,14.985385932959616,0.0
1779970512,150,GET,/product/OLJCESPC7Z,1.200000,1.200000,7,8,8,9,12,38,38,38,38,38,38,28,28,6,7.170866642679487,3.314013942144811,38.02228602580726,0.0
1779970512,150,,Aggregated,75.900000,75.900000,7,8,9,10,15,22,38,66,1100,1100,1100,1656,1656,6,18.05567616233512,2.240507979877293,1067.0820700470358,0.0
1779970513,150,GET,/,58.400000,58.400000,7,8,9,11,16,23,41,66,1100,1100,1100,1333,1333,7,18.354721685776465,2.240507979877293,1067.0820700470358,0.0
1779970513,150,POST,/cart,5.800000,5.800000,6,8,9,10,15,30,32,1100,1100,1100,1100,132,132,6,23.55064053765752,3.5830920096486807,1055.4386710282415,0.0
1779970513,150,POST,/cart/checkout,3.900000,3.900000,7,8,9,10,14,18,33,33,33,33,33,72,72,7,8.09319743873655,3.255518968217075,37.98525396268815,0.0
1779970513,150,GET,/product/0PUK6V6EV0,1.000000,1.000000,6,6,7,7,9,9,9,9,9,9,9,23,23,6,6.035775467550949,3.6101529840379953,11.026299907825887,0.0
1779970513,150,GET,/product/1YMWWN1N4O,1.000000,1.000000,7,7,8,9,9,9,9,9,9,9,9,24,24,7,50.02575073255381,3.727138973772526,1040.0119059486315,0.0
1779970513,150,GET,/product/2ZYFJ3GM2N,1.200000,1.200000,7,8,10,10,19,21,21,21,21,21,21,26,26,6,7.406383170746267,2.879741950891912,21.33777004200965,0.0
1779970513,150,GET,/product/66VCHSJNUP,1.200000,1.200000,7,8,9,9,9,11,11,11,11,11,11,25,25,7,6.4390269154682755,2.8023789636790752,10.9036760404706,0.0
1779970513,150,GET,/product/6E92ZMYYFZ,0.600000,0.600000,6,6,7,7,7,7,7,7,7,7,7,19,19,5,6.011948945294869,4.062660038471222,15.269105904735625,0.0
1779970513,150,GET,/product/9SIQT8TOJO,1.800000,1.800000,7,8,8,8,9,11,11,11,11,11,11,27,27,7,7.157191957554056,3.279356984421611,16.76745107397437,0.0
1779970513,150,GET,/product/L9ECAV7KIM,0.600000,0.600000,7,8,8,8,9,10,10,10,10,10,10,22,22,7,7.038596102078869,3.441318986006081,13.55807005893439,0.0
1779970513,150,GET,/product/LS4PSXUNUM,1.000000,1.000000,6,7,8,8,9,15,15,15,15,15,15,22,22,5,6.487079493870789,3.4551529679447412,14.985385932959616,0.0
1779970513,150,GET,/product/OLJCESPC7Z,1.300000,1.300000,7,7,8,8,12,38,38,38,38,38,38,28,28,6,7.170866642679487,3.314013942144811,38.02228602580726,0.0
1779970513,150,,Aggregated,77.800000,77.800000,7,8,9,10,15,22,38,57,1100,1100,1100,1753,1753,6,17.488329494741244,2.240507979877293,1067.0820700470358,0.0
1779970514,150,GET,/,60.800000,60.800000,7,8,9,10,15,23,45,1000,1100,1100,1100,1394,1394,6,18.63007706812472,2.240507979877293,1067.0820700470358,0.0
1779970514,150,POST,/cart,6.100000,6.100000,6,7,8,9,13,17,32,1100,1100,1100,1100,140,140,6,22.524111341252656,3.5040000220760703,1055.4386710282415,0.0
1779970514,150,POST,/cart/checkout,3.800000,3.800000,7,7,8,9,12,14,33,33,33,33,33,74,74,7,8.01272692655943,3.255518968217075,37.98525396268815,0.0
1779970514,150,GET,/product/0PUK6V6EV0,0.900000,0.900000,6,7,7,7,7,9,9,9,9,9,9,24,24,6,6.057354990237703,3.6101529840379953,11.026299907825887,0.0
1779970514,150,GET,/product/1YMWWN1N4O,1.200000,1.200000,6,7,8,8,9,9,9,9,9,9,9,26,26,6,46.45013536523598,3.0047199688851833,1040.0119059486315,0.0
1779970514,150,GET,/product/2ZYFJ3GM2N,1.400000,1.400000,6,8,10,10,19,21,21,21,21,21,21,27,27,6,7.367721870886506,2.879741950891912,21.33777004200965,0.0
1779970514,150,GET,/product/66VCHSJNUP,1.300000,1.300000,7,7,8,8,9,11,11,11,11,11,11,27,27,7,6.429337590277471,2.8023789636790752,10.9036760404706,0.0
1779970514,150,GET,/product/6E92ZMYYFZ,0.600000,0.600000,6,7,7,7,9,9,9,9,9,9,9,20,20,5,6.13677134970203,4.062660038471222,15.269105904735625,0.0
1779970514,150,GET,/product/9SIQT8TOJO,1.800000,1.800000,7,8,8,8,9,11,11,11,11,11,11,27,27,7,7.157191957554056,3.279356984421611,16.76745107397437,0.0
1779970514,150,GET,/product/L9ECAV7KIM,0.600000,0.600000,8,8,8,9,10,10,10,10,10,10,10,22,22,7,7.038596102078869,3.441318986006081,13.55807005893439,0.0
1779970514,150,GET,/product/LS4PSXUNUM,1.000000,1.000000,7,7,8,9,15,15,15,15,15,15,15,23,23,5,6.401611643883845,3.4551529679447412,14.985385932959616,0.0
1779970514,150,GET,/product/OLJCESPC7Z,1.400000,1.400000,7,7,8,8,12,38,38,38,38,38,38,29,29,6,7.145243343608133,3.314013942144811,38.02228602580726,0.0
1779970514,150,,Aggregated,80.900000,80.900000,7,8,9,10,14,21,38,66,1100,1100,1100,1833,1833,6,17.603667925197815,2.240507979877293,1067.0820700470358,0.0
1779970515,150,GET,/,61.500000,61.500000,6,8,9,9,14,20,36,45,1000,1000,1000,1451,1451,6,18.861613717513592,2.240507979877293,1067.0820700470358,0.0
1779970515,150,POST,/cart,5.800000,5.800000,6,7,8,9,13,15,17,32,32,32,32,146,146,6,21.930999848959736,3.5040000220760703,1055.4386710282415,0.0
1779970515,150,POST,/cart/checkout,3.800000,3.800000,7,8,8,9,12,14,33,33,33,33,33,77,77,7,7.920980061912402,3.255518968217075,37.98525396268815,0.0
1779970515,150,GET,/product/0PUK6V6EV0,1.100000,1.100000,6,7,7,7,7,9,9,9,9,9,9,25,25,6,5.972375110723078,3.6101529840379953,11.026299907825887,0.0
1779970515,150,GET,/product/1YMWWN1N4O,1.100000,1.100000,6,7,8,8,9,9,9,9,9,9,9,29,29,6,42.28574412088071,3.0047199688851833,1040.0119059486315,0.0
1779970515,150,GET,/product/2ZYFJ3GM2N,1.200000,1.200000,6,8,10,10,19,21,21,21,21,21,21,29,29,6,7.159106156403391,2.879741950891912,21.33777004200965,0.0
1779970515,150,GET,/product/66VCHSJNUP,1.200000,1.200000,7,7,8,8,9,11,11,11,11,11,11,29,29,7,6.3098332370984656,2.8023789636790752,10.9036760404706,0.0
1779970515,150,GET,/product/6E92ZMYYFZ,0.500000,0.500000,6,7,7,7,9,9,9,9,9,9,9,22,22,5,6.184499186929315,4.062660038471222,15.269105904735625,0.0
1779970515,150,GET,/product/9SIQT8TOJO,1.700000,1.700000,6,7,8,8,8,9,9,9,9,9,9,27,27,7,7.157191957554056,3.279356984421611,16.76745107397437,0.0
1779970515,150,GET,/product/L9ECAV7KIM,0.900000,0.900000,8,8,8,9,10,10,10,10,10,10,10,22,22,7,7.038596102078869,3.441318986006081,13.55807005893439,0.0
1779970515,150,GET,/product/LS4PSXUNUM,1.100000,1.100000,6,7,8,8,9,15,15,15,15,15,15,26,26,5,6.232695067480493,3.4551529679447412,14.985385932959616,0.0
1779970515,150,GET,/product/OLJCESPC7Z,1.400000,1.400000,6,7,7,7,7,8,8,8,8,8,8,31,31,6,6.944348806545379,3.314013942144811,38.02228602580726,0.0
1779970515,150,,Aggregated,81.300000,81.300000,6,8,8,9,13,18,33,39,1000,1000,1000,1914,1914,6,17.66338312982357,2.240507979877293,1067.0820700470358,0.0
1779970516,150,GET,/,63.100000,63.100000,6,8,8,9,13,19,36,45,1000,1000,1000,1516,1516,6,18.31442923460151,2.240507979877293,1067.0820700470358,0.0
1779970516,150,POST,/cart,6.000000,6.000000,6,7,8,9,13,15,17,32,32,32,32,153,153,6,21.208082894898123,3.5040000220760703,1055.4386710282415,0.0
1779970516,150,POST,/cart/checkout,3.800000,3.800000,7,8,8,10,12,14,33,33,33,33,33,78,78,6,7.878434048810353,3.255518968217075,37.98525396268815,0.0
1779970516,150,GET,/product/0PUK6V6EV0,1.100000,1.100000,6,7,7,7,7,9,9,9,9,9,9,26,26,6,6.0245344110836205,3.6101529840379953,11.026299907825887,0.0
1779970516,150,GET,/product/1YMWWN1N4O,1.000000,1.000000,6,7,7,8,8,9,9,9,9,9,9,32,32,6,38.87692329954007,3.0047199688851833,1040.0119059486315,0.0
1779970516,150,GET,/product/2ZYFJ3GM2N,1.200000,1.200000,6,8,10,10,19,21,21,21,21,21,21,29,29,6,7.159106156403391,2.879741950891912,21.33777004200965,0.0
1779970516,150,GET,/product/66VCHSJNUP,1.200000,1.200000,7,7,7,8,8,11,11,11,11,11,11,30,30,6,6.213340093381703,2.8023789636790752,10.9036760404706,0.0
1779970516,150,GET,/product/6E92ZMYYFZ,0.600000,0.600000,7,7,7,7,9,9,9,9,9,9,9,22,22,5,6.184499186929315,4.062660038471222,15.269105904735625,0.0
1779970516,150,GET,/product/9SIQT8TOJO,1.700000,1.700000,5,6,8,8,8,8,8,8,8,8,8,29,29,6,6.9510178231024025,3.279356984421611,16.76745107397437,0.0
1779970516,150,GET,/product/L9ECAV7KIM,1.000000,1.000000,8,8,9,9,10,10,10,10,10,10,10,24,24,7,7.171022550513347,3.441318986006081,13.55807005893439,0.0
1779970516,150,GET,/product/LS4PSXUNUM,1.100000,1.100000,6,7,8,8,9,15,15,15,15,15,15,26,26,5,6.232695067480493,3.4551529679447412,14.985385932959616,0.0
1779970516,150,GET,/product/OLJCESPC7Z,1.300000,1.300000,6,7,7,7,7,8,8,8,8,8,8,31,31,6,6.944348806545379,3.314013942144811,38.02228602580726,0.0
1779970516,150,,Aggregated,83.100000,83.100000,6,7,8,9,12,17,33,39,1000,1000,1000,1996,1996,6,17.18728001249762,2.240507979877293,1067.0820700470358,0.0
1779970517,150,GET,/,64.200000,64.200000,6,8,9,10,15,23,38,52,1000,1000,1000,1575,1575,6,18.786377692225553,2.240507979877293,1067.0820700470358,0.0
1779970517,150,POST,/cart,6.300000,6.300000,7,8,9,12,14,19,39,40,40,40,40,160,160,6,21.08854711841559,3.5040000220760703,1055.4386710282415,0.0
1779970517,150,POST,/cart/checkout,3.800000,3.800000,7,8,10,10,12,14,33,33,33,33,33,81,81,7,7.915357354867422,3.255518968217075,37.98525396268815,0.0
1779970517,150,GET,/product/0PUK6V6EV0,1.100000,1.100000,7,7,7,7,9,9,9,9,9,9,9,28,28,6,6.136484597975921,3.6101529840379953,11.026299907825887,0.0
1779970517,150,GET,/product/1YMWWN1N4O,1.100000,1.100000,6,6,7,8,8,9,9,9,9,9,9,33,33,6,37.81068843972841,3.0047199688851833,1040.0119059486315,0.0
1779970517,150,GET,/product/2ZYFJ3GM2N,1.200000,1.200000,6,7,19,19,21,25,25,25,25,25,25,30,30,6,7.738887250889093,2.879741950891912,24.552538990974426,0.0
1779970517,150,GET,/product/66VCHSJNUP,1.400000,1.400000,7,7,7,8,10,11,11,11,11,11,11,33,33,7,6.346454843878746,2.8023789636790752,10.9036760404706,0.0
1779970517,150,GET,/product/6E92ZMYYFZ,0.800000,0.800000,6,7,7,7,9,9,9,9,9,9,9,23,23,5,6.098717921818404,4.062660038471222,15.269105904735625,0.0
1779970517,150,GET,/product/9SIQT8TOJO,1.700000,1.700000,5,6,7,7,8,8,8,8,8,8,8,30,30,6,6.884459895081818,3.279356984421611,16.76745107397437,0.0
1779970517,150,GET,/product/L9ECAV7KIM,1.000000,1.000000,8,8,10,10,10,21,21,21,21,21,21,25,25,7,7.715700566768646,3.441318986006081,20.78797295689583,0.0
1779970517,150,GET,/product/LS4PSXUNUM,1.000000,1.000000,6,7,7,9,15,15,15,15,15,15,15,26,26,5,6.232695067480493,3.4551529679447412,14.985385932959616,0.0
1779970517,150,GET,/product/OLJCESPC7Z,1.400000,1.400000,5,6,6,7,7,7,7,7,7,7,7,31,31,6,6.944348806545379,3.314013942144811,38.02228602580726,0.0
1779970517,150,,Aggregated,85.000000,85.000000,6,8,9,9,15,22,37,45,1000,1000,1000,2075,2075,6,17.53351902291852,2.240507979877293,1067.0820700470358,0.0
1779970518,150,GET,/,64.200000,64.200000,6,8,9,9,14,22,33,45,1000,1000,1000,1640,1640,7,19.028396622374334,2.240507979877293,1067.0820700470358,0.0
1779970518,150,POST,/cart,5.700000,5.700000,7,8,9,10,14,21,39,40,40,40,40,171,171,6,20.40259525035535,3.5040000220760703,1055.4386710282415,0.0
1779970518,150,POST,/cart/checkout,3.700000,3.700000,7,8,9,10,12,12,14,14,14,14,14,85,85,7,8.000171185909387,3.255518968217075,37.98525396268815,0.0
1779970518,150,GET,/product/0PUK6V6EV0,1.100000,1.100000,7,7,7,7,9,9,9,9,9,9,9,28,28,6,6.136484597975921,3.6101529840379953,11.026299907825887,0.0
1779970518,150,GET,/product/1YMWWN1N4O,1.400000,1.400000,6,7,7,8,9,9,9,9,9,9,9,35,35,6,36.08534087293914,3.0047199688851833,1040.0119059486315,0.0
1779970518,150,GET,/product/2ZYFJ3GM2N,1.400000,1.400000,6,7,8,19,21,25,25,25,25,25,25,32,32,6,7.565002044430003,2.879741950891912,24.552538990974426,0.0
1779970518,150,GET,/product/66VCHSJNUP,1.500000,1.500000,7,7,7,8,10,17,17,17,17,17,17,38,38,7,6.598423388296444,2.8023789636790752,17.074169940315187,0.0
1779970518,150,GET,/product/6E92ZMYYFZ,0.800000,0.800000,6,7,7,7,9,9,9,9,9,9,9,23,23,5,6.098717921818404,4.062660038471222,15.269105904735625,0.0
1779970518,150,GET,/product/9SIQT8TOJO,1.500000,1.500000,5,6,7,7,8,8,8,8,8,8,8,30,30,6,6.884459895081818,3.279356984421611,16.76745107397437,0.0
1779970518,150,GET,/product/L9ECAV7KIM,1.000000,1.000000,8,8,10,10,10,21,21,21,21,21,21,26,26,7,7.734026737475338,3.441318986006081,20.78797295689583,0.0
1779970518,150,GET,/product/LS4PSXUNUM,1.100000,1.100000,6,7,7,9,15,15,15,15,15,15,15,26,26,5,6.232695067480493,3.4551529679447412,14.985385932959616,0.0
1779970518,150,GET,/product/OLJCESPC7Z,1.100000,1.100000,6,6,7,7,22,22,22,22,22,22,22,32,32,6,7.420834532240406,3.314013942144811,38.02228602580726,0.0
1779970518,150,,Aggregated,84.500000,84.500000,6,8,9,9,14,21,29,40,1000,1000,1000,2166,2166,6,17.659493644411366,2.240507979877293,1067.0820700470358,0.0
1779970519,150,GET,/,64.600000,64.600000,7,8,9,10,15,21,33,45,1000,1000,1000,1706,1706,7,19.25038981141145,2.240507979877293,1067.0820700470358,0.0
1779970519,150,POST,/cart,6.100000,6.100000,7,8,9,10,14,21,39,40,40,40,40,176,176,6,20.08268556793072,3.5040000220760703,1055.4386710282415,0.0
1779970519,150,POST,/cart/checkout,3.600000,3.600000,7,8,9,9,12,12,14,14,14,14,14,91,91,7,7.962766954173835,3.255518968217075,37.98525396268815,0.0
1779970519,150,GET,/product/0PUK6V6EV0,1.300000,1.300000,7,7,8,8,9,9,9,9,9,9,9,30,30,6,6.2788506542953355,3.6101529840379953,11.026299907825887,0.0
1779970519,150,GET,/product/1YMWWN1N4O,1.600000,1.600000,6,7,7,8,9,9,9,9,9,9,9,36,36,6,35.25046784974014,3.0047199688851833,1040.0119059486315,0.0
1779970519,150,GET,/product/2ZYFJ3GM2N,1.300000,1.300000,7,8,16,19,21,25,25,25,25,25,25,34,34,6,7.837564660482766,2.879741950891912,24.552538990974426,0.0
1779970519,150,GET,/product/66VCHSJNUP,1.500000,1.500000,7,7,8,9,10,17,17,17,17,17,17,39,39,7,6.684440838841674,2.8023789636790752,17.074169940315187,0.0
1779970519,150,GET,/product/6E92ZMYYFZ,0.800000,0.800000,7,7,7,7,9,9,9,9,9,9,9,23,23,5,6.098717921818404,4.062660038471222,15.269105904735625,0.0
1779970519,150,GET,/product/9SIQT8TOJO,1.200000,1.200000,5,6,7,7,8,8,8,8,8,8,8,30,30,6,6.884459895081818,3.279356984421611,16.76745107397437,0.0
1779970519,150,GET,/product/L9ECAV7KIM,1.000000,1.000000,8,8,10,10,10,21,21,21,21,21,21,26,26,7,7.734026737475338,3.441318986006081,20.78797295689583,0.0
1779970519,150,GET,/product/LS4PSXUNUM,1.000000,1.000000,6,7,7,11,15,15,15,15,15,15,15,27,27,5,6.415828657164066,3.4551529679447412,14.985385932959616,0.0
1779970519,150,GET,/product/OLJCESPC7Z,0.900000,0.900000,6,7,7,7,22,22,22,22,22,22,22,32,32,6,7.420834532240406,3.314013942144811,38.02228602580726,0.0
1779970519,150,,Aggregated,84.900000,84.900000,7,8,9,10,14,21,28,40,1000,1000,1000,2250,2250,7,17.797095692199136,2.240507979877293,1067.0820700470358,0.0
1779970520,150,GET,/,64.500000,64.500000,7,8,9,11,15,22,33,45,1000,1000,1000,1767,1767,7,18.892773887789247,2.240507979877293,1067.0820700470358,0.0
1779970520,150,POST,/cart,6.300000,6.300000,7,9,10,11,19,21,40,1000,1000,1000,1000,183,183,7,25.301314355383113,3.5040000220760703,1055.4386710282415,0.0
1779970520,150,POST,/cart/checkout,3.200000,3.200000,8,8,9,9,11,12,12,12,12,12,12,93,93,7,8.003061374409064,3.255518968217075,37.98525396268815,0.0
1779970520,150,GET,/product/0PUK6V6EV0,1.200000,1.200000,8,8,9,9,9,16,16,16,16,16,16,33,33,7,6.700082929014708,3.6101529840379953,15.533197089098394,0.0
1779970520,150,GET,/product/1YMWWN1N4O,1.500000,1.500000,6,7,8,8,9,9,9,9,9,9,9,38,38,6,33.794313644696224,3.0047199688851833,1040.0119059486315,0.0
1779970520,150,GET,/product/2ZYFJ3GM2N,1.200000,1.200000,8,8,16,16,19,25,25,25,25,25,25,35,35,6,7.905796126994703,2.879741950891912,24.552538990974426,0.0
1779970520,150,GET,/product/66VCHSJNUP,1.800000,1.800000,7,7,7,9,10,17,17,17,17,17,17,40,40,7,6.667258767993189,2.8023789636790752,17.074169940315187,0.0
1779970520,150,GET,/product/6E92ZMYYFZ,0.700000,0.700000,7,7,7,7,9,9,9,9,9,9,9,23,23,5,6.098717921818404,4.062660038471222,15.269105904735625,0.0
1779970520,150,GET,/product/9SIQT8TOJO,1.100000,1.100000,5,6,7,7,8,8,8,8,8,8,8,30,30,6,6.884459895081818,3.279356984421611,16.76745107397437,0.0
1779970520,150,GET,/product/L9ECAV7KIM,1.200000,1.200000,8,8,8,10,10,21,21,21,21,21,21,27,27,7,7.658930228057283,3.441318986006081,20.78797295689583,0.0
1779970520,150,GET,/product/LS4PSXUNUM,1.000000,1.000000,7,7,9,11,14,15,15,15,15,15,15,30,30,6,6.742989388294518,3.4551529679447412,14.985385932959616,0.0
1779970520,150,GET,/product/OLJCESPC7Z,0.900000,0.900000,6,6,8,8,22,22,22,22,22,22,22,33,33,6,7.435727938586338,3.314013942144811,38.02228602580726,0.0
1779970520,150,,Aggregated,84.600000,84.600000,7,8,9,10,14,21,29,42,1000,1000,1000,2332,2332,7,17.927916249456796,2.240507979877293,1067.0820700470358,0.0
1779970521,150,GET,/,62.900000,62.900000,7,9,10,11,15,22,28,45,1000,1000,1000,1830,1830,7,18.587703084194004,2.240507979877293,1067.0820700470358,0.0
1779970521,150,POST,/cart,6.900000,6.900000,7,9,10,11,19,21,40,1000,1000,1000,1000,191,191,7,24.594203021660135,3.5040000220760703,1055.4386710282415,0.0
1779970521,150,POST,/cart/checkout,3.100000,3.100000,8,8,9,9,11,12,12,12,12,12,12,95,95,7,8.010597345664314,3.255518968217075,37.98525396268815,0.0
1779970521,150,GET,/product/0PUK6V6EV0,1.100000,1.100000,8,8,9,9,14,16,16,16,16,16,16,34,34,7,6.918754343025605,3.6101529840379953,15.533197089098394,0.0
1779970521,150,GET,/product/1YMWWN1N4O,1.600000,1.600000,6,7,8,8,8,9,9,9,9,9,9,38,38,6,33.794313644696224,3.0047199688851833,1040.0119059486315,0.0
1779970521,150,GET,/product/2ZYFJ3GM2N,1.500000,1.500000,8,9,12,12,16,25,25,25,25,25,25,37,37,6,8.032225956511054,2.879741950891912,24.552538990974426,0.0
1779970521,150,GET,/product/66VCHSJNUP,1.900000,1.900000,7,7,7,9,10,17,17,17,17,17,17,40,40,7,6.667258767993189,2.8023789636790752,17.074169940315187,0.0
1779970521,150,GET,/product/6E92ZMYYFZ,0.600000,0.600000,7,7,7,7,9,9,9,9,9,9,9,23,23,5,6.098717921818404,4.062660038471222,15.269105904735625,0.0
1779970521,150,GET,/product/9SIQT8TOJO,0.800000,0.800000,5,6,6,8,8,8,8,8,8,8,8,31,31,6,6.865783673410695,3.279356984421611,16.76745107397437,0.0
1779970521,150,GET,/product/L9ECAV7KIM,1.200000,1.200000,8,8,10,10,14,21,21,21,21,21,21,28,28,7,7.891581826178091,3.441318986006081,20.78797295689583,0.0
1779970521,150,GET,/product/LS4PSXUNUM,0.900000,0.900000,7,7,9,9,11,14,14,14,14,14,14,31,31,6,6.74686647365771,3.4551529679447412,14.985385932959616,0.0
1779970521,150,GET,/product/OLJCESPC7Z,0.900000,0.900000,8,9,10,10,22,22,22,22,22,22,22,35,35,6,7.575052141744111,3.314013942144811,38.02228602580726,0.0
1779970521,150,,Aggregated,83.400000,83.400000,7,8,9,11,15,21,27,42,1000,1000,1000,2413,2413,7,17.656715387143457,2.240507979877293,1067.0820700470358,0.0
1779970522,150,GET,/,63.700000,63.700000,7,9,10,12,17,22,31,45,1000,1000,1000,1892,1892,7,18.322160646312497,2.240507979877293,1067.0820700470358,0.0
1779970522,150,POST,/cart,7.000000,7.000000,8,10,12,14,19,39,1000,1000,1000,1000,1000,201,201,7,29.20676544899427,3.5040000220760703,1055.4386710282415,0.0
1779970522,150,POST,/cart/checkout,3.400000,3.400000,8,8,9,10,12,13,18,18,18,18,18,100,100,7,8.138616476207972,3.255518968217075,37.98525396268815,0.0
1779970522,150,GET,/product/0PUK6V6EV0,1.100000,1.100000,8,9,9,9,14,16,16,16,16,16,16,34,34,7,6.918754343025605,3.6101529840379953,15.533197089098394,0.0
1779970522,150,GET,/product/1YMWWN1N4O,1.800000,1.800000,6,6,7,8,9,10,10,10,10,10,10,41,41,6,31.818407817698287,3.0047199688851833,1040.0119059486315,0.0
1779970522,150,GET,/product/2ZYFJ3GM2N,1.400000,1.400000,8,9,12,12,16,25,25,25,25,25,25,37,37,6,8.032225956511054,2.879741950891912,24.552538990974426,0.0
1779970522,150,GET,/product/66VCHSJNUP,1.900000,1.900000,6,7,7,9,10,17,17,17,17,17,17,41,41,7,6.607169992426728,2.8023789636790752,17.074169940315187,0.0
1779970522,150,GET,/product/6E92ZMYYFZ,0.600000,0.600000,6,7,8,8,9,9,9,9,9,9,9,25,25,6,6.196668208576739,4.062660038471222,15.269105904735625,0.0
1779970522,150,GET,/product/9SIQT8TOJO,0.700000,0.700000,6,6,8,8,11,11,11,11,11,11,11,32,32,6,6.993133618379943,3.279356984421611,16.76745107397437,0.0
1779970522,150,GET,/product/L9ECAV7KIM,1.200000,1.200000,8,10,11,14,21,21,21,21,21,21,21,29,29,7,7.991268833424767,3.441318986006081,20.78797295689583,0.0
1779970522,150,GET,/product/LS4PSXUNUM,1.000000,1.000000,7,7,9,11,14,14,14,14,14,14,14,31,31,6,6.74686647365771,3.4551529679447412,14.985385932959616,0.0
1779970522,150,GET,/product/OLJCESPC7Z,0.800000,0.800000,8,9,10,10,22,22,22,22,22,22,22,36,36,6,7.550314443910287,3.314013942144811,38.02228602580726,0.0
1779970522,150,,Aggregated,84.600000,84.600000,7,9,10,11,16,22,31,45,1000,1000,1000,2499,2499,7,17.826825170787053,2.240507979877293,1067.0820700470358,0.0
1779970523,150,GET,/,63.200000,63.200000,8,9,11,12,17,22,29,42,1000,1000,1000,1968,1968,7,18.003944836285275,2.240507979877293,1067.0820700470358,0.0
1779970523,150,POST,/cart,6.700000,6.700000,8,10,12,14,21,39,1000,1000,1000,1000,1000,206,206,7,28.749775850141727,3.5040000220760703,1055.4386710282415,0.0
1779970523,150,POST,/cart/checkout,3.200000,3.200000,8,8,9,10,12,13,18,18,18,18,18,103,103,7,8.141104374939884,3.255518968217075,37.98525396268815,0.0
1779970523,150,GET,/product/0PUK6V6EV0,1.400000,1.400000,8,9,12,12,14,16,16,16,16,16,16,35,35,7,7.0639395620673895,3.6101529840379953,15.533197089098394,0.0
1779970523,150,GET,/product/1YMWWN1N4O,1.800000,1.800000,6,6,7,8,9,10,10,10,10,10,10,42,42,6,31.185015844779887,3.0047199688851833,1040.0119059486315,0.0
1779970523,150,GET,/product/2ZYFJ3GM2N,1.300000,1.300000,9,11,12,12,16,25,25,25,25,25,25,42,42,7,8.298418387615433,2.879741950891912,24.552538990974426,0.0
1779970523,150,GET,/product/66VCHSJNUP,1.700000,1.700000,6,7,8,9,10,17,17,17,17,17,17,43,43,7,6.5997744812954995,2.8023789636790752,17.074169940315187,0.0
1779970523,150,GET,/product/6E92ZMYYFZ,0.600000,0.600000,8,9,9,14,1100,1100,1100,1100,1100,1100,1100,28,28,6,44.040180468333084,4.062660038471222,1055.0972039345652,0.0
1779970523,150,GET,/product/9SIQT8TOJO,0.400000,0.400000,6,6,8,8,11,11,11,11,11,11,11,32,32,6,6.993133618379943,3.279356984421611,16.76745107397437,0.0
1779970523,150,GET,/product/L9ECAV7KIM,1.300000,1.300000,9,10,11,14,21,21,21,21,21,21,21,30,30,7,8.017080673016608,3.441318986006081,20.78797295689583,0.0
1779970523,150,GET,/product/LS4PSXUNUM,1.000000,1.000000,7,9,11,14,15,15,15,15,15,15,15,32,32,6,7.001109333941713,3.4551529679447412,14.985385932959616,0.0
1779970523,150,GET,/product/OLJCESPC7Z,0.600000,0.600000,8,9,10,19,22,22,22,22,22,22,22,38,38,6,7.773853473879985,3.314013942144811,38.02228602580726,0.0
1779970523,150,,Aggregated,83.200000,83.200000,8,9,11,12,16,21,31,53,1100,1100,1100,2599,2599,7,17.92956641726497,2.240507979877293,1067.0820700470358,0.0
1779970524,150,GET,/,62.800000,62.800000,8,10,12,13,17,23,31,42,1000,1000,1000,2032,2032,7,18.27800359533858,2.240507979877293,1067.0820700470358,0.0
1779970524,150,POST,/cart,7.000000,7.000000,9,11,14,17,23,40,1000,1000,1000,1000,1000,211,211,7,28.543155099666937,3.5040000220760703,1055.4386710282415,0.0
1779970524,150,POST,/cart/checkout,2.700000,2.700000,8,9,10,12,13,13,18,18,18,18,18,104,104,7,8.177469553909479,3.255518968217075,37.98525396268815,0.0
1779970524,150,GET,/product/0PUK6V6EV0,1.500000,1.500000,8,9,12,12,14,16,16,16,16,16,16,35,35,7,7.0639395620673895,3.6101529840379953,15.533197089098394,0.0
1779970524,150,GET,/product/1YMWWN1N4O,1.700000,1.700000,6,7,8,9,12,24,24,24,24,24,24,44,44,6,30.60198001119054,3.0047199688851833,1040.0119059486315,0.0
1779970524,150,GET,/product/2ZYFJ3GM2N,1.200000,1.200000,10,11,15,15,16,25,25,25,25,25,25,43,43,7,8.46289282090702,2.879741950891912,24.552538990974426,0.0
1779970524,150,GET,/product/66VCHSJNUP,1.600000,1.600000,7,8,9,9,10,17,17,17,17,17,17,44,44,7,6.624795446193523,2.8023789636790752,17.074169940315187,0.0
1779970524,150,GET,/product/6E92ZMYYFZ,0.500000,0.500000,7,8,9,14,1100,1100,1100,1100,1100,1100,1100,30,30,6,41.43768700693423,4.062660038471222,1055.0972039345652,0.0
1779970524,150,GET,/product/9SIQT8TOJO,0.500000,0.500000,5,6,7,7,11,11,11,11,11,11,11,34,34,6,6.944244494661689,3.279356984421611,16.76745107397437,0.0
1779970524,150,GET,/product/L9ECAV7KIM,1.200000,1.200000,9,10,11,14,21,21,21,21,21,21,21,31,31,7,7.9019593277705775,3.441318986006081,20.78797295689583,0.0
1779970524,150,GET,/product/LS4PSXUNUM,1.100000,1.100000,7,9,11,14,15,15,15,15,15,15,15,32,32,6,7.001109333941713,3.4551529679447412,14.985385932959616,0.0
1779970524,150,GET,/product/OLJCESPC7Z,0.700000,0.700000,9,10,19,19,22,22,22,22,22,22,22,38,38,6,7.773853473879985,3.314013942144811,38.02228602580726,0.0
1779970524,150,,Aggregated,82.500000,82.500000,8,10,11,13,17,23,32,53,1100,1100,1100,2678,2678,7,18.113041021038665,2.240507979877293,1067.0820700470358,0.0
1779970525,150,GET,/,63.300000,63.300000,8,10,12,13,17,23,29,37,1000,1000,1000,2097,2097,7,17.97892107690685,2.240507979877293,1067.0820700470358,0.0
1779970525,150,POST,/cart,7.400000,7.400000,9,11,14,17,21,40,1000,1000,1000,1000,1000,221,221,7,27.61198287277706,3.5040000220760703,1055.4386710282415,0.0
1779970525,150,POST,/cart/checkout,3.100000,3.100000,8,10,12,12,13,18,20,20,20,20,20,109,109,7,8.284939685836434,3.255518968217075,37.98525396268815,0.0
1779970525,150,GET,/product/0PUK6V6EV0,1.200000,1.200000,9,9,12,12,14,16,16,16,16,16,16,36,36,7,7.124738990872477,3.6101529840379953,15.533197089098394,0.0
1779970525,150,GET,/product/1YMWWN1N4O,1.800000,1.800000,6,8,9,9,12,24,24,24,24,24,24,46,46,6,29.597288531595435,3.0047199688851833,1040.0119059486315,0.0
1779970525,150,GET,/product/2ZYFJ3GM2N,1.200000,1.200000,10,11,15,15,16,25,25,25,25,25,25,43,43,7,8.46289282090702,2.879741950891912,24.552538990974426,0.0
1779970525,150,GET,/product/66VCHSJNUP,1.800000,1.800000,7,8,9,10,14,17,17,17,17,17,17,45,45,7,6.796001503244042,2.8023789636790752,17.074169940315187,0.0
1779970525,150,GET,/product/6E92ZMYYFZ,0.700000,0.700000,8,9,14,14,23,1100,1100,1100,1100,1100,1100,33,33,6,38.94230021714148,4.062660038471222,1055.0972039345652,0.0
1779970525,150,GET,/product/9SIQT8TOJO,0.600000,0.600000,6,7,11,11,21,21,21,21,21,21,21,35,35,6,7.343037479690143,3.279356984421611,20.901998970657587,0.0
1779970525,150,GET,/product/L9ECAV7KIM,0.900000,0.900000,9,11,11,14,21,21,21,21,21,21,21,33,33,7,7.889143702799849,3.441318986006081,20.78797295689583,0.0
1779970525,150,GET,/product/LS4PSXUNUM,1.000000,1.000000,7,9,11,14,15,15,15,15,15,15,15,33,33,6,6.9918922945913495,3.4551529679447412,14.985385932959616,0.0
1779970525,150,GET,/product/OLJCESPC7Z,0.800000,0.800000,8,9,10,19,22,22,22,22,22,22,22,39,39,6,7.730181463277684,3.314013942144811,38.02228602580726,0.0
1779970525,150,,Aggregated,83.800000,83.800000,8,10,12,13,18,23,32,47,1100,1100,1100,2770,2770,7,17.80846496675809,2.240507979877293,1067.0820700470358,0.0
1779970526,150,GET,/,63.300000,63.300000,9,11,13,14,19,24,32,52,1100,1100,1100,2165,2165,7,18.33946031279535,2.240507979877293,1067.0820700470358,0.0
1779970526,150,POST,/cart,7.300000,7.300000,9,11,15,19,21,40,1000,1000,1000,1000,1000,229,229,7,27.087329572176472,3.5040000220760703,1055.4386710282415,0.0
1779970526,150,POST,/cart/checkout,3.100000,3.100000,8,10,12,12,13,18,20,20,20,20,20,109,109,7,8.284939685836434,3.255518968217075,37.98525396268815,0.0
1779970526,150,GET,/product/0PUK6V6EV0,1.100000,1.100000,9,9,12,14,16,16,16,16,16,16,16,37,37,7,7.120235775899444,3.6101529840379953,15.533197089098394,0.0
1779970526,150,GET,/product/1YMWWN1N4O,1.800000,1.800000,6,8,9,9,12,24,24,24,24,24,24,46,46,6,29.597288531595435,3.0047199688851833,1040.0119059486315,0.0
1779970526,150,GET,/product/2ZYFJ3GM2N,1.600000,1.600000,11,11,15,15,16,25,25,25,25,25,25,45,45,7,8.553288271650672,2.879741950891912,24.552538990974426,0.0
1779970526,150,GET,/product/66VCHSJNUP,1.800000,1.800000,7,8,10,10,14,17,17,17,17,17,17,45,45,7,6.796001503244042,2.8023789636790752,17.074169940315187,0.0
1779970526,150,GET,/product/6E92ZMYYFZ,0.900000,0.900000,8,9,14,14,23,1100,1100,1100,1100,1100,1100,34,34,6,38.01315782851923,4.062660038471222,1055.0972039345652,0.0
1779970526,150,GET,/product/9SIQT8TOJO,0.600000,0.600000,7,11,15,15,21,21,21,21,21,21,21,36,36,6,7.555527800124967,3.279356984421611,20.901998970657587,0.0
1779970526,150,GET,/product/L9ECAV7KIM,0.800000,0.800000,11,11,14,14,20,21,21,21,21,21,21,35,35,8,8.335253004250783,3.441318986006081,20.78797295689583,0.0
1779970526,150,GET,/product/LS4PSXUNUM,1.000000,1.000000,7,9,11,14,15,15,15,15,15,15,15,33,33,6,6.9918922945913495,3.4551529679447412,14.985385932959616,0.0
1779970526,150,GET,/product/OLJCESPC7Z,1.000000,1.000000,9,10,10,19,22,22,22,22,22,22,22,40,40,6,7.78032032540068,3.314013942144811,38.02228602580726,0.0
1779970526,150,,Aggregated,84.300000,84.300000,9,11,12,14,19,24,36,53,1100,1100,1100,2854,2854,7,18.053523472977897,2.240507979877293,1067.0820700470358,0.0
1779970527,150,GET,/,63.300000,63.300000,9,11,12,14,18,23,31,52,1100,1100,1100,2215,2215,7,18.20843524933408,2.240507979877293,1067.0820700470358,0.0
1779970527,150,POST,/cart,7.200000,7.200000,9,11,14,17,21,32,1000,1000,1000,1000,1000,237,237,7,26.494596172163444,3.5040000220760703,1055.4386710282415,0.0
1779970527,150,POST,/cart/checkout,2.900000,2.900000,8,10,11,12,13,18,20,20,20,20,20,114,114,7,8.234633926277686,3.255518968217075,37.98525396268815,0.0
1779970527,150,GET,/product/0PUK6V6EV0,1.100000,1.100000,8,9,12,12,14,16,16,16,16,16,16,38,38,7,7.0931494916102995,3.6101529840379953,15.533197089098394,0.0
1779970527,150,GET,/product/1YMWWN1N4O,1.800000,1.800000,7,9,10,12,24,34,34,34,34,34,34,48,48,6,29.214940635332216,3.0047199688851833,1040.0119059486315,0.0
1779970527,150,GET,/product/2ZYFJ3GM2N,1.600000,1.600000,10,11,12,12,16,16,16,16,16,16,16,46,46,7,8.529575437854003,2.879741950891912,24.552538990974426,0.0
1779970527,150,GET,/product/66VCHSJNUP,1.600000,1.600000,7,8,9,9,10,14,14,14,14,14,14,45,45,7,6.796001503244042,2.8023789636790752,17.074169940315187,0.0
1779970527,150,GET,/product/6E92ZMYYFZ,0.900000,0.900000,8,11,14,14,23,1100,1100,1100,1100,1100,1100,35,35,6,37.24107557708131,4.062660038471222,1055.0972039345652,0.0
1779970527,150,GET,/product/9SIQT8TOJO,0.700000,0.700000,7,11,15,15,21,21,21,21,21,21,21,36,36,6,7.555527800124967,3.279356984421611,20.901998970657587,0.0
1779970527,150,GET,/product/L9ECAV7KIM,0.900000,0.900000,11,11,14,14,20,21,21,21,21,21,21,35,35,8,8.335253004250783,3.441318986006081,20.78797295689583,0.0
1779970527,150,GET,/product/LS4PSXUNUM,0.900000,0.900000,11,11,14,14,15,15,15,15,15,15,15,34,34,6,7.118978934800801,3.4551529679447412,14.985385932959616,0.0
1779970527,150,GET,/product/OLJCESPC7Z,0.800000,0.800000,10,12,19,19,22,1000,1000,1000,1000,1000,1000,42,42,6,31.754363475123508,3.314013942144811,1010.2411699481308,0.0
1779970527,150,,Aggregated,83.700000,83.700000,9,11,12,14,18,23,34,68,1100,1100,1100,2925,2925,7,18.24361984872729,2.240507979877293,1067.0820700470358,0.0
1779970528,150,GET,/,63.600000,63.600000,9,11,13,14,19,24,32,44,1100,1100,1100,2301,2301,7,17.98931209384458,2.240507979877293,1067.0820700470358,0.0
1779970528,150,POST,/cart,7.400000,7.400000,9,11,15,16,21,32,1000,1000,1000,1000,1000,244,244,7,26.052899601903636,3.5040000220760703,1055.4386710282415,0.0
1779970528,150,POST,/cart/checkout,3.200000,3.200000,8,10,11,12,13,18,20,20,20,20,20,115,115,7,8.210737187334377,3.255518968217075,37.98525396268815,0.0
1779970528,150,GET,/product/0PUK6V6EV0,1.100000,1.100000,9,9,12,12,14,16,16,16,16,16,16,40,40,7,7.217512340866961,3.6101529840379953,15.533197089098394,0.0
1779970528,150,GET,/product/1YMWWN1N4O,1.700000,1.700000,8,10,12,12,24,34,34,34,34,34,34,49,49,7,28.86618850087481,3.0047199688851833,1040.0119059486315,0.0
1779970528,150,GET,/product/2ZYFJ3GM2N,1.400000,1.400000,10,11,12,13,16,16,16,16,16,16,16,49,49,7,8.613971922052453,2.879741950891912,24.552538990974426,0.0
1779970528,150,GET,/product/66VCHSJNUP,1.500000,1.500000,8,8,10,10,14,14,14,14,14,14,14,45,45,7,6.796001503244042,2.8023789636790752,17.074169940315187,0.0
1779970528,150,GET,/product/6E92ZMYYFZ,1.100000,1.100000,9,10,14,14,23,1100,1100,1100,1100,1100,1100,37,37,6,35.74131270618857,4.062660038471222,1055.0972039345652,0.0
1779970528,150,GET,/product/9SIQT8TOJO,0.800000,0.800000,7,11,15,15,21,21,21,21,21,21,21,36,36,6,7.555527800124967,3.279356984421611,20.901998970657587,0.0
1779970528,150,GET,/product/L9ECAV7KIM,1.000000,1.000000,11,11,11,14,20,20,20,20,20,20,20,36,36,7,8.286738978414279,3.441318986006081,20.78797295689583,0.0
1779970528,150,GET,/product/LS4PSXUNUM,0.700000,0.700000,9,11,11,14,15,15,15,15,15,15,15,35,35,6,7.03708385117352,3.4551529679447412,14.985385932959616,0.0
1779970528,150,GET,/product/OLJCESPC7Z,0.900000,0.900000,10,10,13,13,22,1000,1000,1000,1000,1000,1000,47,47,7,29.38445306016489,3.314013942144811,1010.2411699481308,0.0
1779970528,150,,Aggregated,84.400000,84.400000,9,11,13,14,19,24,34,62,1100,1100,1100,3034,3034,7,18.01111246938814,2.240507979877293,1067.0820700470358,0.0
1779970529,150,GET,/,63.700000,63.700000,9,11,13,15,20,24,33,44,1100,1100,1100,2357,2357,7,18.243432065529696,2.240507979877293,1068.774707033299,0.0
1779970529,150,POST,/cart,7.600000,7.600000,9,12,15,17,21,32,1000,1000,1000,1000,1000,250,250,7,25.694940715562552,3.5040000220760703,1055.4386710282415,0.0
1779970529,150,POST,/cart/checkout,3.100000,3.100000,8,10,12,12,13,18,20,20,20,20,20,115,115,7,8.210737187334377,3.255518968217075,37.98525396268815,0.0
1779970529,150,GET,/product/0PUK6V6EV0,1.000000,1.000000,9,12,14,14,15,16,16,16,16,16,16,42,42,7,7.354526561574035,3.6101529840379953,15.533197089098394,0.0
1779970529,150,GET,/product/1YMWWN1N4O,1.300000,1.300000,9,10,12,12,24,34,34,34,34,34,34,49,49,7,28.86618850087481,3.0047199688851833,1040.0119059486315,0.0
1779970529,150,GET,/product/2ZYFJ3GM2N,1.600000,1.600000,11,11,12,13,15,16,16,16,16,16,16,49,49,7,8.613971922052453,2.879741950891912,24.552538990974426,0.0
1779970529,150,GET,/product/66VCHSJNUP,1.500000,1.500000,8,8,8,8,14,14,14,14,14,14,14,45,45,7,6.796001503244042,2.8023789636790752,17.074169940315187,0.0
1779970529,150,GET,/product/6E92ZMYYFZ,1.200000,1.200000,9,10,14,14,23,1100,1100,1100,1100,1100,1100,38,38,6,34.97778392384613,4.062660038471222,1055.0972039345652,0.0
1779970529,150,GET,/product/9SIQT8TOJO,0.700000,0.700000,7,11,15,15,21,21,21,21,21,21,21,37,37,6,7.4729734836649655,3.279356984421611,20.901998970657587,0.0
1779970529,150,GET,/product/L9ECAV7KIM,1.100000,1.100000,9,11,11,11,14,20,20,20,20,20,20,37,37,7,8.263859196213653,3.441318986006081,20.78797295689583,0.0
1779970529,150,GET,/product/LS4PSXUNUM,0.700000,0.700000,9,11,14,14,15,15,15,15,15,15,15,37,37,6,7.151803102444958,3.4551529679447412,14.985385932959616,0.0
1779970529,150,GET,/product/OLJCESPC7Z,0.900000,0.900000,9,10,12,13,19,1000,1000,1000,1000,1000,1000,47,47,7,29.38445306016489,3.314013942144811,1010.2411699481308,0.0
1779970529,150,,Aggregated,84.400000,84.400000,9,11,13,15,20,24,36,62,1100,1100,1100,3103,3103,7,18.168250720181433,2.240507979877293,1068.774707033299,0.0
1779970530,150,GET,/,63.900000,63.900000,9,11,13,15,20,25,38,52,1100,1100,1100,2423,2423,7,18.432478016610226,2.240507979877293,1068.774707033299,0.0
1779970530,150,POST,/cart,7.700000,7.700000,9,12,15,17,21,32,47,1000,1000,1000,1000,263,263,7,25.055227874239957,3.5040000220760703,1055.4386710282415,0.0
1779970530,150,POST,/cart/checkout,3.400000,3.400000,8,10,12,13,14,18,20,20,20,20,20,119,119,7,8.251782231807645,3.255518968217075,37.98525396268815,0.0
1779970530,150,GET,/product/0PUK6V6EV0,1.000000,1.000000,8,12,12,12,14,15,15,15,15,15,15,44,44,7,7.394510170508346,3.6101529840379953,15.533197089098394,0.0
1779970530,150,GET,/product/1YMWWN1N4O,1.500000,1.500000,7,10,12,12,24,34,34,34,34,34,34,51,51,6,27.944350870800953,3.0047199688851833,1040.0119059486315,0.0
1779970530,150,GET,/product/2ZYFJ3GM2N,1.700000,1.700000,11,12,12,13,15,16,16,16,16,16,16,50,50,7,8.532795885112137,2.879741950891912,24.552538990974426,0.0
1779970530,150,GET,/product/66VCHSJNUP,1.100000,1.100000,8,8,14,14,27,27,27,27,27,27,27,46,46,7,7.232120490896151,2.8023789636790752,26.857474935241044,0.0
1779970530,150,GET,/product/6E92ZMYYFZ,1.300000,1.300000,9,10,14,14,23,1100,1100,1100,1100,1100,1100,39,39,6,34.19785825714756,4.062660038471222,1055.0972039345652,0.0
1779970530,150,GET,/product/9SIQT8TOJO,0.600000,0.600000,9,11,15,15,21,21,21,21,21,21,21,38,38,6,7.523966919459206,3.279356984421611,20.901998970657587,0.0
1779970530,150,GET,/product/L9ECAV7KIM,0.900000,0.900000,8,11,11,11,14,20,20,20,20,20,20,40,40,7,8.090069104218856,3.441318986006081,20.78797295689583,0.0
1779970530,150,GET,/product/LS4PSXUNUM,0.900000,0.900000,7,11,14,14,15,15,15,15,15,15,15,38,38,6,7.080922782494637,3.4551529679447412,14.985385932959616,0.0
1779970530,150,GET,/product/OLJCESPC7Z,1.200000,1.200000,9,10,12,12,19,1000,1000,1000,1000,1000,1000,49,49,7,28.418061506402278,3.314013942144811,1010.2411699481308,0.0
1779970530,150,,Aggregated,85.200000,85.200000,9,11,13,15,20,25,38,62,1100,1100,1100,3200,3200,7,18.233752808810095,2.240507979877293,1068.774707033299,0.0
1779970531,150,GET,/,65.800000,65.800000,9,10,13,14,20,24,38,52,1100,1100,1100,2484,2484,7,18.169310336277164,2.240507979877293,1068.774707033299,0.0
1779970531,150,POST,/cart,7.400000,7.400000,9,12,15,16,21,24,39,47,47,47,47,266,266,7,24.84483279671198,3.5040000220760703,1055.4386710282415,0.0
1779970531,150,POST,/cart/checkout,2.900000,2.900000,8,10,12,13,18,18,20,20,20,20,20,122,122,7,8.272241750449615,3.255518968217075,37.98525396268815,0.0
1779970531,150,GET,/product/0PUK6V6EV0,1.200000,1.200000,8,12,12,14,15,1100,1100,1100,1100,1100,1100,46,46,7,30.47146890109972,3.6101529840379953,1071.3147450005636,0.0
1779970531,150,GET,/product/1YMWWN1N4O,1.400000,1.400000,6,9,12,12,24,34,34,34,34,34,34,52,52,6,27.524930586178716,3.0047199688851833,1040.0119059486315,0.0
1779970531,150,GET,/product/2ZYFJ3GM2N,1.500000,1.500000,10,11,12,13,15,16,16,16,16,16,16,52,52,7,8.462163158513318,2.879741950891912,24.552538990974426,0.0
1779970531,150,GET,/product/66VCHSJNUP,0.700000,0.700000,8,8,14,14,27,27,27,27,27,27,27,46,46,7,7.232120490896151,2.8023789636790752,26.857474935241044,0.0
1779970531,150,GET,/product/6E92ZMYYFZ,1.400000,1.400000,9,10,14,14,23,1100,1100,1100,1100,1100,1100,39,39,6,34.19785825714756,4.062660038471222,1055.0972039345652,0.0
1779970531,150,GET,/product/9SIQT8TOJO,0.600000,0.600000,7,9,11,15,21,21,21,21,21,21,21,40,40,6,7.377334850025363,3.279356984421611,20.901998970657587,0.0
1779970531,150,GET,/product/L9ECAV7KIM,1.000000,1.000000,8,9,11,11,11,20,20,20,20,20,20,40,40,7,8.090069104218856,3.441318986006081,20.78797295689583,0.0
1779970531,150,GET,/product/LS4PSXUNUM,0.900000,0.900000,7,7,11,14,15,15,15,15,15,15,15,39,39,6,7.000895993163188,3.4551529679447412,14.985385932959616,0.0
1779970531,150,GET,/product/OLJCESPC7Z,1.500000,1.500000,9,10,12,13,19,1000,1000,1000,1000,1000,1000,49,49,7,28.418061506402278,3.314013942144811,1010.2411699481308,0.0
1779970531,150,,Aggregated,86.300000,86.300000,8,11,12,14,20,24,39,62,1100,1100,1100,3275,3275,7,18.31271220375393,2.240507979877293,1071.3147450005636,0.0
1779970532,150,GET,/,64.800000,64.800000,8,10,12,14,20,24,38,52,1100,1100,1100,2548,2548,7,17.895653953533063,2.240507979877293,1068.774707033299,0.0
1779970532,150,POST,/cart,7.300000,7.300000,8,11,14,15,20,24,39,47,47,47,47,276,276,7,24.20820687657924,3.5040000220760703,1055.4386710282415,0.0
1779970532,150,POST,/cart/checkout,2.600000,2.600000,7,10,12,12,18,19,20,20,20,20,20,129,129,7,8.278786964613454,3.255518968217075,37.98525396268815,0.0
1779970532,150,GET,/product/0PUK6V6EV0,1.300000,1.300000,8,9,12,12,15,1100,1100,1100,1100,1100,1100,47,47,7,29.947316605954413,3.6101529840379953,1071.3147450005636,0.0
1779970532,150,GET,/product/1YMWWN1N4O,1.200000,1.200000,8,9,12,12,24,34,34,34,34,34,34,53,53,6,27.14814583964224,3.0047199688851833,1040.0119059486315,0.0
1779970532,150,GET,/product/2ZYFJ3GM2N,1.500000,1.500000,10,11,12,13,15,16,16,16,16,16,16,52,52,7,8.462163158513318,2.879741950891912,24.552538990974426,0.0
1779970532,150,GET,/product/66VCHSJNUP,0.700000,0.700000,8,8,14,14,27,27,27,27,27,27,27,48,48,7,7.10846913716523,2.8023789636790752,26.857474935241044,0.0
1779970532,150,GET,/product/6E92ZMYYFZ,1.500000,1.500000,9,11,14,14,23,1100,1100,1100,1100,1100,1100,39,39,6,34.19785825714756,4.062660038471222,1055.0972039345652,0.0
1779970532,150,GET,/product/9SIQT8TOJO,0.800000,0.800000,6,7,9,15,21,21,21,21,21,21,21,42,42,6,7.288747070734168,3.279356984421611,20.901998970657587,0.0
1779970532,150,GET,/product/L9ECAV7KIM,1.200000,1.200000,7,9,11,11,11,20,20,20,20,20,20,40,40,7,8.090069104218856,3.441318986006081,20.78797295689583,0.0
1779970532,150,GET,/product/LS4PSXUNUM,1.000000,1.000000,5,7,11,14,15,15,15,15,15,15,15,40,40,6,6.927054969128221,3.4551529679447412,14.985385932959616,0.0
1779970532,150,GET,/product/OLJCESPC7Z,1.500000,1.500000,9,10,12,13,19,1000,1000,1000,1000,1000,1000,49,49,7,28.418061506402278,3.314013942144811,1010.2411699481308,0.0
1779970532,150,,Aggregated,85.400000,85.400000,8,10,12,14,20,24,39,62,1100,1100,1100,3363,3363,7,18.022058676338972,2.240507979877293,1071.3147450005636,0.0
1779970533,150,GET,/,65.300000,65.300000,8,10,12,13,20,24,38,52,1100,1100,1100,2609,2609,7,17.614127343583704,2.240507979877293,1068.774707033299,0.0
1779970533,150,POST,/cart,8.000000,8.000000,8,11,12,15,19,24,39,47,47,47,47,279,279,7,24.020813358363473,3.5040000220760703,1055.4386710282415,0.0
1779970533,150,POST,/cart/checkout,2.500000,2.500000,7,9,11,11,14,19,20,20,20,20,20,134,134,7,8.222831644242936,3.255518968217075,37.98525396268815,0.0
1779970533,150,GET,/product/0PUK6V6EV0,1.100000,1.100000,8,8,12,12,15,1100,1100,1100,1100,1100,1100,47,47,7,29.947316605954413,3.6101529840379953,1071.3147450005636,0.0
1779970533,150,GET,/product/1YMWWN1N4O,1.300000,1.300000,8,9,12,12,24,34,34,34,34,34,34,54,54,6,26.73264050907973,3.0047199688851833,1040.0119059486315,0.0
1779970533,150,GET,/product/2ZYFJ3GM2N,1.400000,1.400000,8,10,12,12,13,15,15,15,15,15,15,54,54,7,8.35817933720709,2.879741950891912,24.552538990974426,0.0
1779970533,150,GET,/product/66VCHSJNUP,0.600000,0.600000,8,8,14,14,27,27,27,27,27,27,27,49,49,7,7.061436256792929,2.8023789636790752,26.857474935241044,0.0
1779970533,150,GET,/product/6E92ZMYYFZ,1.600000,1.600000,7,10,11,11,14,23,23,23,23,23,23,39,39,6,34.19785825714756,4.062660038471222,1055.0972039345652,0.0
1779970533,150,GET,/product/9SIQT8TOJO,0.900000,0.900000,6,7,9,15,21,21,21,21,21,21,21,42,42,6,7.288747070734168,3.279356984421611,20.901998970657587,0.0
1779970533,150,GET,/product/L9ECAV7KIM,1.300000,1.300000,7,8,11,11,11,20,20,20,20,20,20,41,41,7,8.004321932520082,3.441318986006081,20.78797295689583,0.0
1779970533,150,GET,/product/LS4PSXUNUM,0.800000,0.800000,5,7,11,14,15,15,15,15,15,15,15,40,40,6,6.927054969128221,3.4551529679447412,14.985385932959616,0.0
1779970533,150,GET,/product/OLJCESPC7Z,1.600000,1.600000,9,10,12,13,19,1000,1000,1000,1000,1000,1000,49,49,7,28.418061506402278,3.314013942144811,1010.2411699481308,0.0
1779970533,150,,Aggregated,86.400000,86.400000,8,10,12,13,19,24,38,52,1100,1100,1100,3437,3437,7,17.7611147501588,2.240507979877293,1071.3147450005636,0.0
1779970534,150,GET,/,65.400000,65.400000,7,9,11,12,18,24,38,52,1100,1100,1100,2674,2674,7,17.729135422830495,2.240507979877293,1068.774707033299,0.0
1779970534,150,POST,/cart,7.500000,7.500000,8,10,11,14,17,21,24,39,39,39,39,289,289,7,23.427160910353273,3.5040000220760703,1055.4386710282415,0.0
1779970534,150,POST,/cart/checkout,3.000000,3.000000,7,10,11,11,18,20,28,28,28,28,28,141,141,7,8.336797896574469,3.255518968217075,37.98525396268815,0.0
1779970534,150,GET,/product/0PUK6V6EV0,1.200000,1.200000,8,9,10,12,15,1100,1100,1100,1100,1100,1100,49,49,7,29.021741929273976,3.6101529840379953,1071.3147450005636,0.0
1779970534,150,GET,/product/1YMWWN1N4O,1.300000,1.300000,7,8,9,9,12,34,34,34,34,34,34,55,55,6,26.365677536126565,3.0047199688851833,1040.0119059486315,0.0
1779970534,150,GET,/product/2ZYFJ3GM2N,1.500000,1.500000,8,10,11,12,13,15,15,15,15,15,15,56,56,7,8.313566897413693,2.879741950891912,24.552538990974426,0.0
1779970534,150,GET,/product/66VCHSJNUP,0.600000,0.600000,5,5,14,14,27,27,27,27,27,27,27,50,50,6,7.01006691204384,2.8023789636790752,26.857474935241044,0.0
1779970534,150,GET,/product/6E92ZMYYFZ,1.600000,1.600000,9,10,11,14,23,23,23,23,23,23,23,39,39,6,34.19785825714756,4.062660038471222,1055.0972039345652,0.0
1779970534,150,GET,/product/9SIQT8TOJO,0.900000,0.900000,6,8,9,15,21,21,21,21,21,21,21,44,44,6,7.225165453167971,3.279356984421611,20.901998970657587,0.0
1779970534,150,GET,/product/L9ECAV7KIM,1.200000,1.200000,7,8,11,11,20,20,20,20,20,20,20,41,41,7,8.004321932520082,3.441318986006081,20.78797295689583,0.0
1779970534,150,GET,/product/LS4PSXUNUM,0.800000,0.800000,4,5,7,11,14,14,14,14,14,14,14,41,41,6,6.8612443368382205,3.4551529679447412,14.985385932959616,0.0
1779970534,150,GET,/product/OLJCESPC7Z,1.400000,1.400000,9,10,12,12,13,1000,1000,1000,1000,1000,1000,49,49,7,28.418061506402278,3.314013942144811,1010.2411699481308,0.0
1779970534,150,,Aggregated,86.400000,86.400000,7,9,11,12,18,23,38,52,1100,1100,1100,3528,3528,7,17.770828747409904,2.240507979877293,1071.3147450005636,0.0
1779970535,150,GET,/,65.500000,65.500000,7,9,10,12,20,25,49,80,1100,1100,1100,2733,2733,7,17.64912200829936,2.240507979877293,1068.774707033299,0.0
1779970535,150,POST,/cart,7.500000,7.500000,8,10,11,14,17,23,39,63,63,63,63,297,297,7,23.1766104619787,3.5040000220760703,1055.4386710282415,0.0
1779970535,150,POST,/cart/checkout,2.800000,2.800000,7,9,11,11,19,85,85,85,85,85,85,145,145,7,9.383281367702473,3.255518968217075,85.43010195717216,0.0
1779970535,150,GET,/product/0PUK6V6EV0,1.300000,1.300000,7,8,10,12,15,1100,1100,1100,1100,1100,1100,49,49,7,29.021741929273976,3.6101529840379953,1071.3147450005636,0.0
1779970535,150,GET,/product/1YMWWN1N4O,1.200000,1.200000,7,8,9,9,12,34,34,34,34,34,34,55,55,6,26.365677536126565,3.0047199688851833,1040.0119059486315,0.0
1779970535,150,GET,/product/2ZYFJ3GM2N,1.500000,1.500000,8,10,10,11,12,13,13,13,13,13,13,57,57,7,8.259026460316882,2.879741950891912,24.552538990974426,0.0
1779970535,150,GET,/product/66VCHSJNUP,0.600000,0.600000,7,9,14,14,14,27,27,27,27,27,27,55,55,7,7.131198283538899,2.8023789636790752,26.857474935241044,0.0
1779970535,150,GET,/product/6E92ZMYYFZ,1.400000,1.400000,7,9,10,10,11,11,11,11,11,11,11,40,40,6,33.483779526432045,4.062660038471222,1055.0972039345652,0.0
1779970535,150,GET,/product/9SIQT8TOJO,1.000000,1.000000,5,6,8,9,15,15,15,15,15,15,15,44,44,6,7.225165453167971,3.279356984421611,20.901998970657587,0.0
1779970535,150,GET,/product/L9ECAV7KIM,1.200000,1.200000,7,8,11,11,20,20,20,20,20,20,20,41,41,7,8.004321932520082,3.441318986006081,20.78797295689583,0.0
1779970535,150,GET,/product/LS4PSXUNUM,0.900000,0.900000,5,7,7,7,11,14,14,14,14,14,14,43,43,6,6.819280487117033,3.4551529679447412,14.985385932959616,0.0
1779970535,150,GET,/product/OLJCESPC7Z,1.300000,1.300000,9,10,12,12,13,1000,1000,1000,1000,1000,1000,50,50,7,28.017565857153386,3.314013942144811,1010.2411699481308,0.0
1779970535,150,,Aggregated,86.200000,86.200000,7,9,10,12,18,25,52,85,1100,1100,1100,3609,3609,7,17.704012358297167,2.240507979877293,1071.3147450005636,0.0
1779970536,150,GET,/,63.700000,63.700000,7,8,9,10,16,23,41,68,1100,1100,1100,2801,2801,7,17.3706148029729,2.240507979877293,1068.774707033299,0.0
1779970536,150,POST,/cart,7.400000,7.400000,8,9,11,12,17,39,1100,1100,1100,1100,1100,307,307,7,29.45558914417213,3.5040000220760703,1055.4386710282415,0.0
1779970536,150,POST,/cart/checkout,3.200000,3.200000,7,10,11,13,19,85,85,85,85,85,85,148,148,7,9.348662467075613,3.255518968217075,85.43010195717216,0.0
1779970536,150,GET,/product/0PUK6V6EV0,1.300000,1.300000,8,9,10,12,15,1100,1100,1100,1100,1100,1100,51,51,7,28.14643416900699,3.6101529840379953,1071.3147450005636,0.0
1779970536,150,GET,/product/1YMWWN1N4O,1.200000,1.200000,7,7,8,12,34,34,34,34,34,34,34,56,56,6,25.962929420139908,3.0047199688851833,1040.0119059486315,0.0
1779970536,150,GET,/product/2ZYFJ3GM2N,1.200000,1.200000,7,8,10,10,12,13,13,13,13,13,13,57,57,7,8.259026460316882,2.879741950891912,24.552538990974426,0.0
1779970536,150,GET,/product/66VCHSJNUP,0.600000,0.600000,7,8,14,14,14,27,27,27,27,27,27,56,56,7,7.083370759833737,2.8023789636790752,26.857474935241044,0.0
1779970536,150,GET,/product/6E92ZMYYFZ,1.100000,1.100000,9,9,10,10,11,11,11,11,11,11,11,40,40,6,33.483779526432045,4.062660038471222,1055.0972039345652,0.0
1779970536,150,GET,/product/9SIQT8TOJO,0.900000,0.900000,6,6,8,9,15,15,15,15,15,15,15,45,45,6,7.207100753051539,3.279356984421611,20.901998970657587,0.0
1779970536,150,GET,/product/L9ECAV7KIM,1.100000,1.100000,7,7,8,11,20,20,20,20,20,20,20,43,43,7,7.84830286622394,3.441318986006081,20.78797295689583,0.0
1779970536,150,GET,/product/LS4PSXUNUM,0.800000,0.800000,4,5,7,7,11,14,14,14,14,14,14,44,44,5,6.755590727235275,3.4551529679447412,14.985385932959616,0.0
1779970536,150,GET,/product/OLJCESPC7Z,1.100000,1.100000,9,10,12,13,1000,1000,1000,1000,1000,1000,1000,50,50,7,28.017565857153386,3.314013942144811,1010.2411699481308,0.0
1779970536,150,,Aggregated,83.600000,83.600000,7,8,9,10,16,24,49,85,1100,1100,1100,3698,3698,7,17.992876543942486,2.240507979877293,1071.3147450005636,0.0
1779970537,150,GET,/,64.100000,64.100000,7,8,9,9,15,22,38,65,1100,1100,1100,2860,2860,7,17.138540537228444,2.240507979877293,1068.774707033299,0.0
1779970537,150,POST,/cart,7.700000,7.700000,7,9,10,11,17,39,1100,1100,1100,1100,1100,318,318,7,28.627587648170103,3.5040000220760703,1055.4386710282415,0.0
1779970537,150,POST,/cart/checkout,3.900000,3.900000,7,9,11,13,19,85,85,85,85,85,85,150,150,7,9.31714478181675,3.255518968217075,85.43010195717216,0.0
1779970537,150,GET,/product/0PUK6V6EV0,1.300000,1.300000,7,8,10,12,15,1100,1100,1100,1100,1100,1100,53,53,7,27.259105236603403,3.6101529840379953,1071.3147450005636,0.0
1779970537,150,GET,/product/1YMWWN1N4O,1.100000,1.100000,6,7,8,8,12,12,12,12,12,12,12,56,56,6,25.962929420139908,3.0047199688851833,1040.0119059486315,0.0
1779970537,150,GET,/product/2ZYFJ3GM2N,1.300000,1.300000,5,8,8,8,10,12,12,12,12,12,12,58,58,7,8.189156900384816,2.879741950891912,24.552538990974426,0.0
1779970537,150,GET,/product/66VCHSJNUP,0.800000,0.800000,5,7,9,9,14,27,27,27,27,27,27,57,57,7,7.040587290631313,2.8023789636790752,26.857474935241044,0.0
1779970537,150,GET,/product/6E92ZMYYFZ,0.900000,0.900000,6,7,7,9,9,9,9,9,9,9,9,41,41,6,32.76416563667448,3.9796100463718176,1055.0972039345652,0.0
1779970537,150,GET,/product/9SIQT8TOJO,1.000000,1.000000,5,6,6,6,8,9,9,9,9,9,9,47,47,6,7.094065765255785,3.279356984421611,20.901998970657587,0.0
1779970537,150,GET,/product/L9ECAV7KIM,1.000000,1.000000,6,7,7,7,8,8,8,8,8,8,8,43,43,7,7.84830286622394,3.441318986006081,20.78797295689583,0.0
1779970537,150,GET,/product/LS4PSXUNUM,0.900000,0.900000,4,5,7,7,11,14,14,14,14,14,14,44,44,5,6.755590727235275,3.4551529679447412,14.985385932959616,0.0
1779970537,150,GET,/product/OLJCESPC7Z,1.100000,1.100000,8,8,9,10,13,13,13,13,13,13,13,52,52,7,27.159060035885958,3.314013942144811,1010.2411699481308,0.0
1779970537,150,,Aggregated,85.100000,85.100000,6,8,9,10,15,22,44,85,1100,1100,1100,3779,3779,7,17.733807289204233,2.240507979877293,1071.3147450005636,0.0
1779970538,150,GET,/,63.500000,63.500000,6,7,8,9,11,18,36,65,1100,1100,1100,2918,2918,7,16.940226708251583,2.240507979877293,1068.774707033299,0.0
1779970538,150,POST,/cart,7.700000,7.700000,7,8,9,10,16,39,1100,1100,1100,1100,1100,322,322,7,28.348030826519388,3.5040000220760703,1055.4386710282415,0.0
1779970538,150,POST,/cart/checkout,3.600000,3.600000,7,9,11,13,19,85,85,85,85,85,85,153,153,7,9.241025563895557,3.255518968217075,85.43010195717216,0.0
1779970538,150,GET,/product/0PUK6V6EV0,1.400000,1.400000,6,8,9,10,15,1100,1100,1100,1100,1100,1100,55,55,7,26.457215318540957,3.6101529840379953,1071.3147450005636,0.0
1779970538,150,GET,/product/1YMWWN1N4O,1.000000,1.000000,6,7,8,8,12,12,12,12,12,12,12,56,56,6,25.962929420139908,3.0047199688851833,1040.0119059486315,0.0
1779970538,150,GET,/product/2ZYFJ3GM2N,1.400000,1.400000,5,8,8,8,10,12,12,12,12,12,12,58,58,7,8.189156900384816,2.879741950891912,24.552538990974426,0.0
1779970538,150,GET,/product/66VCHSJNUP,1.000000,1.000000,5,7,8,9,14,27,27,27,27,27,27,58,58,6,7.010762182321271,2.8023789636790752,26.857474935241044,0.0
1779970538,150,GET,/product/6E92ZMYYFZ,0.700000,0.700000,5,5,6,6,7,7,7,7,7,7,7,43,43,6,31.429706211743312,3.9796100463718176,1055.0972039345652,0.0
1779970538,150,GET,/product/9SIQT8TOJO,0.900000,0.900000,5,6,6,6,8,9,9,9,9,9,9,47,47,6,7.094065765255785,3.279356984421611,20.901998970657587,0.0
1779970538,150,GET,/product/L9ECAV7KIM,0.900000,0.900000,6,7,8,8,9,9,9,9,9,9,9,44,44,7,7.882339755517685,3.441318986006081,20.78797295689583,0.0
1779970538,150,GET,/product/LS4PSXUNUM,1.000000,1.000000,5,5,7,9,14,14,14,14,14,14,14,45,45,6,6.798504691364037,3.4551529679447412,14.985385932959616,0.0
1779970538,150,GET,/product/OLJCESPC7Z,1.000000,1.000000,8,9,10,13,1100,1100,1100,1100,1100,1100,1100,53,53,7,46.56180816720117,3.314013942144811,1055.5047109955922,0.0
1779970538,150,,Aggregated,84.100000,84.100000,6,7,8,9,11,18,48,85,1100,1100,1100,3852,3852,7,17.801043748760573,2.240507979877293,1071.3147450005636,0.0
1779970539,150,GET,/,64.100000,64.100000,6,7,8,8,10,16,35,64,1000,1000,1000,2982,2982,7,16.70044940601351,2.240507979877293,1068.774707033299,0.0
1779970539,150,POST,/cart,7.800000,7.800000,7,8,9,10,11,39,1100,1100,1100,1100,1100,326,326,7,28.084449196502888,3.5040000220760703,1055.4386710282415,0.0
1779970539,150,POST,/cart/checkout,3.700000,3.700000,7,9,10,11,18,28,85,85,85,85,85,161,161,7,9.179258821040438,3.255518968217075,85.43010195717216,0.0
1779970539,150,GET,/product/0PUK6V6EV0,1.400000,1.400000,6,8,8,9,10,1100,1100,1100,1100,1100,1100,56,56,7,26.128825939459993,3.6101529840379953,1071.3147450005636,0.0
1779970539,150,GET,/product/1YMWWN1N4O,1.000000,1.000000,6,6,6,7,8,8,8,8,8,8,8,59,59,6,24.917319365698148,3.0047199688851833,1040.0119059486315,0.0
1779970539,150,GET,/product/2ZYFJ3GM2N,1.200000,1.200000,5,6,8,8,10,10,10,10,10,10,10,59,59,7,8.140344308862874,2.879741950891912,24.552538990974426,0.0
1779970539,150,GET,/product/66VCHSJNUP,1.100000,1.100000,5,6,7,8,14,27,27,27,27,27,27,62,62,6,6.880475136811935,2.8023789636790752,26.857474935241044,0.0
1779970539,150,GET,/product/6E92ZMYYFZ,0.600000,0.600000,4,5,5,6,6,6,6,6,6,6,6,43,43,6,31.429706211743312,3.9796100463718176,1055.0972039345652,0.0
1779970539,150,GET,/product/9SIQT8TOJO,0.900000,0.900000,5,5,6,6,6,8,8,8,8,8,8,50,50,6,6.953730459790677,3.279356984421611,20.901998970657587,0.0
1779970539,150,GET,/product/L9ECAV7KIM,0.800000,0.800000,6,8,8,8,9,9,9,9,9,9,9,46,46,7,7.818379155967547,3.441318986006081,20.78797295689583,0.0
1779970539,150,GET,/product/LS4PSXUNUM,1.100000,1.100000,4,5,5,7,9,9,9,9,9,9,9,47,47,5,6.6979955138757505,3.4551529679447412,14.985385932959616,0.0
1779970539,150,GET,/product/OLJCESPC7Z,1.100000,1.100000,6,7,8,8,1100,1100,1100,1100,1100,1100,1100,54,54,7,45.81263088578083,3.314013942144811,1055.5047109955922,0.0
1779970539,150,,Aggregated,84.800000,84.800000,6,7,8,8,10,17,41,85,1100,1100,1100,3945,3945,7,17.521377514099942,2.240507979877293,1071.3147450005636,0.0
1779970540,150,GET,/,63.300000,63.300000,6,7,8,8,10,15,24,49,1000,1000,1000,3052,3052,7,16.500486193641624,2.240507979877293,1068.774707033299,0.0
1779970540,150,POST,/cart,7.900000,7.900000,7,8,9,10,11,14,1100,1100,1100,1100,1100,328,328,7,27.98541368939346,3.5040000220760703,1055.4386710282415,0.0
1779970540,150,POST,/cart/checkout,3.600000,3.600000,6,9,9,11,18,28,85,85,85,85,85,166,166,7,9.098589164345155,3.255518968217075,85.43010195717216,0.0
1779970540,150,GET,/product/0PUK6V6EV0,1.500000,1.500000,6,7,8,9,10,1100,1100,1100,1100,1100,1100,57,57,7,25.79917608180263,3.6101529840379953,1071.3147450005636,0.0
1779970540,150,GET,/product/1YMWWN1N4O,0.800000,0.800000,6,6,7,7,8,8,8,8,8,8,8,61,61,6,24.280230600585337,3.0047199688851833,1040.0119059486315,0.0
1779970540,150,GET,/product/2ZYFJ3GM2N,1.100000,1.100000,5,8,8,8,10,1100,1100,1100,1100,1100,1100,61,61,7,25.75928995530808,2.879741950891912,1086.140649043955,0.0
1779970540,150,GET,/product/66VCHSJNUP,1.200000,1.200000,5,6,7,8,14,18,18,18,18,18,18,64,64,6,7.069048429912073,2.8023789636790752,26.857474935241044,0.0
1779970540,150,GET,/product/6E92ZMYYFZ,0.600000,0.600000,5,5,6,6,7,7,7,7,7,7,7,44,44,6,30.86946395871399,3.9796100463718176,1055.0972039345652,0.0
1779970540,150,GET,/product/9SIQT8TOJO,1.100000,1.100000,5,6,6,6,6,8,8,8,8,8,8,50,50,6,6.953730459790677,3.279356984421611,20.901998970657587,0.0
1779970540,150,GET,/product/L9ECAV7KIM,0.800000,0.800000,5,6,8,8,9,9,9,9,9,9,9,47,47,7,7.733668131317864,3.441318986006081,20.78797295689583,0.0
1779970540,150,GET,/product/LS4PSXUNUM,0.900000,0.900000,4,5,5,7,9,9,9,9,9,9,9,48,48,5,6.638773607846815,3.4551529679447412,14.985385932959616,0.0
1779970540,150,GET,/product/OLJCESPC7Z,0.900000,0.900000,6,6,7,8,1100,1100,1100,1100,1100,1100,1100,56,56,7,44.35143996046723,3.314013942144811,1055.5047109955922,0.0
1779970540,150,,Aggregated,83.700000,83.700000,6,7,8,8,10,15,28,85,1100,1100,1100,4034,4034,7,17.57466915091495,2.240507979877293,1086.140649043955,0.0
1779970541,150,GET,/,62.100000,62.100000,6,7,7,8,10,12,23,49,1000,1000,1000,3106,3106,7,16.32756236416641,2.240507979877293,1068.774707033299,0.0
1779970541,150,POST,/cart,7.600000,7.600000,6,7,9,9,11,14,1100,1100,1100,1100,1100,338,338,7,27.34564131328329,3.5040000220760703,1055.4386710282415,0.0
1779970541,150,POST,/cart/checkout,3.900000,3.900000,7,9,9,11,15,28,85,85,85,85,85,171,171,7,9.119284983277756,3.255518968217075,85.43010195717216,0.0
1779970541,150,GET,/product/0PUK6V6EV0,1.500000,1.500000,6,7,8,8,9,10,10,10,10,10,10,57,57,7,25.79917608180263,3.6101529840379953,1071.3147450005636,0.0
1779970541,150,GET,/product/1YMWWN1N4O,0.700000,0.700000,6,6,7,7,8,8,8,8,8,8,8,62,62,6,23.964582121885954,3.0047199688851833,1040.0119059486315,0.0
1779970541,150,GET,/product/2ZYFJ3GM2N,1.000000,1.000000,5,5,8,10,1100,1100,1100,1100,1100,1100,1100,61,61,7,25.75928995530808,2.879741950891912,1086.140649043955,0.0
1779970541,150,GET,/product/66VCHSJNUP,1.400000,1.400000,5,6,7,8,14,18,18,18,18,18,18,65,65,6,7.018156238616659,2.8023789636790752,26.857474935241044,0.0
1779970541,150,GET,/product/6E92ZMYYFZ,0.600000,0.600000,5,5,6,6,7,7,7,7,7,7,7,45,45,6,30.297476381787824,3.9796100463718176,1055.0972039345652,0.0
1779970541,150,GET,/product/9SIQT8TOJO,1.200000,1.200000,5,6,6,6,6,8,8,8,8,8,8,51,51,6,6.888232901509778,3.279356984421611,20.901998970657587,0.0
1779970541,150,GET,/product/L9ECAV7KIM,0.900000,0.900000,5,5,5,8,9,9,9,9,9,9,9,49,49,7,7.598996965442689,3.441318986006081,20.78797295689583,0.0
1779970541,150,GET,/product/LS4PSXUNUM,1.000000,1.000000,4,5,5,7,9,9,9,9,9,9,9,48,48,5,6.638773607846815,3.4551529679447412,14.985385932959616,0.0
1779970541,150,GET,/product/OLJCESPC7Z,0.600000,0.600000,6,7,8,9,1100,1100,1100,1100,1100,1100,1100,57,57,7,43.73519210218403,3.314013942144811,1055.5047109955922,0.0
1779970541,150,,Aggregated,82.500000,82.500000,6,7,7,8,10,13,25,82,1100,1100,1100,4110,4110,7,17.37179839892943,2.240507979877293,1086.140649043955,0.0
1779970542,150,GET,/,62.700000,62.700000,6,7,7,8,10,12,24,65,1100,1100,1100,3181,3181,7,16.773269522518824,2.240507979877293,1094.2321630427614,0.0
1779970542,150,POST,/cart,7.400000,7.400000,6,7,9,9,10,14,1100,1100,1100,1100,1100,344,344,7,26.959053830915067,3.5040000220760703,1055.4386710282415,0.0
1779970542,150,POST,/cart/checkout,4.500000,4.500000,7,9,10,11,15,28,85,85,85,85,85,173,173,7,9.105951896723296,3.255518968217075,85.43010195717216,0.0
1779970542,150,GET,/product/0PUK6V6EV0,1.300000,1.300000,6,7,8,9,10,10,10,10,10,10,10,57,57,7,25.79917608180263,3.6101529840379953,1071.3147450005636,0.0
1779970542,150,GET,/product/1YMWWN1N4O,1.000000,1.000000,5,6,6,7,7,7,7,7,7,7,7,62,62,6,23.964582121885954,3.0047199688851833,1040.0119059486315,0.0
1779970542,150,GET,/product/2ZYFJ3GM2N,1.100000,1.100000,5,5,5,5,10,1100,1100,1100,1100,1100,1100,64,64,6,24.760854004853172,2.879741950891912,1086.140649043955,0.0
1779970542,150,GET,/product/66VCHSJNUP,1.600000,1.600000,5,6,7,8,14,18,18,18,18,18,18,66,66,6,6.983796568502757,2.8023789636790752,26.857474935241044,0.0
1779970542,150,GET,/product/6E92ZMYYFZ,0.500000,0.500000,5,5,6,6,7,7,7,7,7,7,7,46,46,6,29.7533535909758,3.9796100463718176,1055.0972039345652,0.0
1779970542,150,GET,/product/9SIQT8TOJO,1.200000,1.200000,5,5,6,6,6,8,8,8,8,8,8,52,52,6,6.833587750756683,3.279356984421611,20.901998970657587,0.0
1779970542,150,GET,/product/L9ECAV7KIM,0.800000,0.800000,5,5,8,9,10,10,10,10,10,10,10,50,50,7,7.637917287647724,3.441318986006081,20.78797295689583,0.0
1779970542,150,GET,/product/LS4PSXUNUM,1.100000,1.100000,4,5,5,7,9,9,9,9,9,9,9,49,49,5,6.583890839650923,3.4551529679447412,14.985385932959616,0.0
1779970542,150,GET,/product/OLJCESPC7Z,0.700000,0.700000,7,7,8,9,1100,1100,1100,1100,1100,1100,1100,59,59,7,42.45322159199455,3.314013942144811,1055.5047109955922,0.0
1779970542,150,,Aggregated,83.900000,83.900000,6,7,8,8,10,13,28,85,1100,1100,1100,4203,4203,7,17.639839239312145,2.240507979877293,1094.2321630427614,0.0
1779970543,150,GET,/,62.500000,62.500000,6,7,8,8,10,12,25,65,1100,1100,1100,3246,3246,7,16.590277622653275,2.240507979877293,1094.2321630427614,0.0
1779970543,150,POST,/cart,6.500000,6.500000,6,7,8,9,10,14,1100,1100,1100,1100,1100,354,354,7,26.39406849399977,3.5040000220760703,1055.4386710282415,0.0
1779970543,150,POST,/cart/checkout,4.700000,4.700000,8,9,10,11,15,28,85,85,85,85,85,176,176,7,9.107545148501892,3.255518968217075,85.43010195717216,0.0
1779970543,150,GET,/product/0PUK6V6EV0,1.300000,1.300000,5,6,7,8,9,9,9,9,9,9,9,57,57,7,25.79917608180263,3.6101529840379953,1071.3147450005636,0.0
1779970543,150,GET,/product/1YMWWN1N4O,1.000000,1.000000,6,6,7,7,7,7,7,7,7,7,7,63,63,6,23.699509580471805,3.0047199688851833,1040.0119059486315,0.0
1779970543,150,GET,/product/2ZYFJ3GM2N,1.100000,1.100000,5,5,10,10,11,1100,1100,1100,1100,1100,1100,65,65,7,24.55291160597251,2.879741950891912,1086.140649043955,0.0
1779970543,150,GET,/product/66VCHSJNUP,1.800000,1.800000,5,6,7,8,14,14,18,18,18,18,18,70,70,6,6.976690735401852,2.8023789636790752,26.857474935241044,0.0
1779970543,150,GET,/product/6E92ZMYYFZ,0.500000,0.500000,5,5,6,6,7,7,7,7,7,7,7,47,47,6,29.221231365536756,3.9796100463718176,1055.0972039345652,0.0
1779970543,150,GET,/product/9SIQT8TOJO,1.100000,1.100000,5,5,6,6,7,8,8,8,8,8,8,54,54,6,6.793576150408222,3.279356984421611,20.901998970657587,0.0
1779970543,150,GET,/product/L9ECAV7KIM,0.700000,0.700000,5,7,8,8,9,10,10,10,10,10,10,52,52,7,7.59725210418065,3.441318986006081,20.78797295689583,0.0
1779970543,150,GET,/product/LS4PSXUNUM,1.000000,1.000000,4,5,7,7,8,9,9,9,9,9,9,51,51,5,6.557702002407727,3.4266039729118347,14.985385932959616,0.0
1779970543,150,GET,/product/OLJCESPC7Z,0.800000,0.800000,7,7,8,9,1100,1100,1100,1100,1100,1100,1100,59,59,7,42.45322159199455,3.314013942144811,1055.5047109955922,0.0
1779970543,150,,Aggregated,83.000000,83.000000,6,7,8,9,10,13,28,85,1100,1100,1100,4294,4294,7,17.42452027806561,2.240507979877293,1094.2321630427614,0.0
1779970544,150,GET,/,61.900000,61.900000,6,7,8,8,10,12,23,25,1100,1100,1100,3320,3320,7,16.42790956749491,2.240507979877293,1094.2321630427614,0.0
1779970544,150,POST,/cart,7.100000,7.100000,6,7,8,9,10,14,1100,1100,1100,1100,1100,356,356,7,26.33550003618316,3.5040000220760703,1055.4386710282415,0.0
1779970544,150,POST,/cart/checkout,4.600000,4.600000,7,8,9,9,12,15,16,16,16,16,16,177,177,7,9.080461402013267,3.255518968217075,85.43010195717216,0.0
1779970544,150,GET,/product/0PUK6V6EV0,1.100000,1.100000,7,7,8,9,64,64,64,64,64,64,64,59,59,7,26.13618016298229,3.6101529840379953,1071.3147450005636,0.0
1779970544,150,GET,/product/1YMWWN1N4O,1.000000,1.000000,5,6,6,7,7,7,7,7,7,7,7,64,64,6,23.394170399114955,3.0047199688851833,1040.0119059486315,0.0
1779970544,150,GET,/product/2ZYFJ3GM2N,0.900000,0.900000,5,5,7,7,11,1100,1100,1100,1100,1100,1100,67,67,7,23.9843702597071,2.879741950891912,1086.140649043955,0.0
1779970544,150,GET,/product/66VCHSJNUP,1.900000,1.900000,5,6,7,8,14,18,18,18,18,18,18,71,71,6,6.998512485641724,2.8023789636790752,26.857474935241044,0.0
1779970544,150,GET,/product/6E92ZMYYFZ,0.600000,0.600000,5,5,6,6,7,7,7,7,7,7,7,47,47,6,29.221231365536756,3.9796100463718176,1055.0972039345652,0.0
1779970544,150,GET,/product/9SIQT8TOJO,1.100000,1.100000,5,6,7,7,8,15,15,15,15,15,15,56,56,6,6.948551287808057,3.279356984421611,20.901998970657587,0.0
1779970544,150,GET,/product/L9ECAV7KIM,0.900000,0.900000,5,7,8,9,9,10,10,10,10,10,10,56,56,7,7.518870219688064,3.441318986006081,20.78797295689583,0.0
1779970544,150,GET,/product/LS4PSXUNUM,0.900000,0.900000,5,7,9,9,9,9,9,9,9,9,9,53,53,5,6.650907604709127,3.4266039729118347,14.985385932959616,0.0
1779970544,150,GET,/product/OLJCESPC7Z,0.800000,0.800000,6,7,8,8,9,1100,1100,1100,1100,1100,1100,62,62,7,40.69120124087579,3.314013942144811,1055.5047109955922,0.0
1779970544,150,,Aggregated,82.800000,82.800000,6,7,8,8,10,12,24,46,1100,1100,1100,4388,4388,7,17.257377901719416,2.240507979877293,1094.2321630427614,0.0
1779970545,150,GET,/,62.600000,62.600000,6,7,8,8,10,12,23,27,1100,1100,1100,3381,3381,7,16.555639753646762,2.240507979877293,1094.2321630427614,0.0
1779970545,150,POST,/cart,6.800000,6.800000,6,7,8,9,10,14,1100,1100,1100,1100,1100,362,362,7,26.008187339111174,3.5040000220760703,1055.4386710282415,0.0
1779970545,150,POST,/cart/checkout,4.500000,4.500000,6,8,9,9,12,15,16,16,16,16,16,182,182,7,8.980029870264723,3.255518968217075,85.43010195717216,0.0
1779970545,150,GET,/product/0PUK6V6EV0,1.000000,1.000000,6,7,7,8,64,64,64,64,64,64,64,59,59,7,26.13618016298229,3.6101529840379953,1071.3147450005636,0.0
1779970545,150,GET,/product/1YMWWN1N4O,0.900000,0.900000,4,6,6,6,7,7,7,7,7,7,7,66,66,6,22.815015992488373,3.0047199688851833,1040.0119059486315,0.0
1779970545,150,GET,/product/2ZYFJ3GM2N,1.100000,1.100000,5,7,7,10,11,1100,1100,1100,1100,1100,1100,70,70,7,23.281444176765426,2.879741950891912,1086.140649043955,0.0
1779970545,150,GET,/product/66VCHSJNUP,1.900000,1.900000,5,6,7,9,14,18,18,18,18,18,18,73,73,6,7.009755470789969,2.8023789636790752,26.857474935241044,0.0
1779970545,150,GET,/product/6E92ZMYYFZ,0.700000,0.700000,5,5,6,7,7,7,7,7,7,7,7,49,49,6,28.27747388058627,3.9796100463718176,1055.0972039345652,0.0
1779970545,150,GET,/product/9SIQT8TOJO,1.000000,1.000000,5,6,6,7,7,15,15,15,15,15,15,58,58,6,6.861912000298115,3.279356984421611,20.901998970657587,0.0
1779970545,150,GET,/product/L9ECAV7KIM,0.900000,0.900000,6,7,8,8,9,10,10,10,10,10,10,58,58,7,7.425063038806848,3.441318986006081,20.78797295689583,0.0
1779970545,150,GET,/product/LS4PSXUNUM,0.900000,0.900000,5,9,9,9,9,9,9,9,9,9,9,54,54,5,6.702186796314049,3.4266039729118347,14.985385932959616,0.0
1779970545,150,GET,/product/OLJCESPC7Z,1.000000,1.000000,6,7,8,9,15,1100,1100,1100,1100,1100,1100,63,63,7,40.275857412433695,3.314013942144811,1055.5047109955922,0.0
1779970545,150,,Aggregated,83.300000,83.300000,6,7,8,8,10,13,24,64,1100,1100,1100,4475,4475,7,17.279714874522604,2.240507979877293,1094.2321630427614,0.0
1779970546,150,GET,/,64.200000,64.200000,6,7,8,9,11,14,23,27,1100,1100,1100,3443,3443,7,16.429582280212337,2.240507979877293,1094.2321630427614,0.0
1779970546,150,POST,/cart,7.400000,7.400000,6,7,8,10,11,14,24,26,26,26,26,374,374,7,25.50331683565469,3.5040000220760703,1055.4386710282415,0.0
1779970546,150,POST,/cart/checkout,4.100000,4.100000,7,8,9,9,12,16,1100,1100,1100,1100,1100,185,185,7,14.65494686146141,3.255518968217075,1065.448960987851,0.0
1779970546,150,GET,/product/0PUK6V6EV0,1.000000,1.000000,7,7,8,8,64,64,64,64,64,64,64,59,59,7,26.13618016298229,3.6101529840379953,1071.3147450005636,0.0
1779970546,150,GET,/product/1YMWWN1N4O,0.900000,0.900000,5,6,7,7,7,9,9,9,9,9,9,67,67,6,22.60394312733256,3.0047199688851833,1040.0119059486315,0.0
1779970546,150,GET,/product/2ZYFJ3GM2N,1.100000,1.100000,5,7,7,10,11,1100,1100,1100,1100,1100,1100,71,71,7,23.019972624598253,2.879741950891912,1086.140649043955,0.0
1779970546,150,GET,/product/66VCHSJNUP,2.100000,2.100000,5,6,7,9,14,18,18,18,18,18,18,74,74,6,7.000088653955105,2.8023789636790752,26.857474935241044,0.0
1779970546,150,GET,/product/6E92ZMYYFZ,0.800000,0.800000,5,5,7,7,7,8,8,8,8,8,8,51,51,6,27.402981236923996,3.9515619864687324,1055.0972039345652,0.0
1779970546,150,GET,/product/9SIQT8TOJO,1.200000,1.200000,4,5,6,7,7,15,15,15,15,15,15,58,58,6,6.861912000298115,3.279356984421611,20.901998970657587,0.0
1779970546,150,GET,/product/L9ECAV7KIM,1.100000,1.100000,6,7,8,8,9,10,10,10,10,10,10,58,58,7,7.425063038806848,3.441318986006081,20.78797295689583,0.0
1779970546,150,GET,/product/LS4PSXUNUM,1.100000,1.100000,8,9,9,9,9,9,9,9,9,9,9,55,55,6,6.741649490273134,3.4266039729118347,14.985385932959616,0.0
1779970546,150,GET,/product/OLJCESPC7Z,1.000000,1.000000,6,7,9,9,15,1100,1100,1100,1100,1100,1100,63,63,7,40.275857412433695,3.314013942144811,1055.5047109955922,0.0
1779970546,150,,Aggregated,86.000000,86.000000,6,7,8,9,11,14,24,46,1100,1100,1100,4558,4558,7,17.3672108878592,2.240507979877293,1094.2321630427614,0.0
1779970547,150,GET,/,64.200000,64.200000,6,7,8,9,11,15,23,27,1100,1100,1100,3494,3494,7,16.28755024743187,2.240507979877293,1094.2321630427614,0.0
1779970547,150,POST,/cart,6.600000,6.600000,7,7,9,10,11,14,24,26,26,26,26,384,384,7,25.02153704548012,3.5040000220760703,1055.4386710282415,0.0
1779970547,150,POST,/cart/checkout,3.400000,3.400000,7,8,9,9,12,16,1100,1100,1100,1100,1100,189,189,7,14.469856510268988,3.255518968217075,1065.448960987851,0.0
1779970547,150,GET,/product/0PUK6V6EV0,1.000000,1.000000,7,7,8,8,64,64,64,64,64,64,64,60,60,7,25.79490702676897,3.6101529840379953,1071.3147450005636,0.0
1779970547,150,GET,/product/1YMWWN1N4O,0.900000,0.900000,5,6,7,7,7,9,9,9,9,9,9,69,69,6,22.124687832294274,3.0047199688851833,1040.0119059486315,0.0
1779970547,150,GET,/product/2ZYFJ3GM2N,1.100000,1.100000,5,7,7,10,11,1100,1100,1100,1100,1100,1100,72,72,6,22.7840259499822,2.879741950891912,1086.140649043955,0.0
1779970547,150,GET,/product/66VCHSJNUP,1.900000,1.900000,6,6,7,9,14,18,18,18,18,18,18,75,75,6,6.991918192555507,2.8023789636790752,26.857474935241044,0.0
1779970547,150,GET,/product/6E92ZMYYFZ,0.800000,0.800000,5,5,7,7,8,8,8,8,8,8,8,51,51,6,27.402981236923996,3.9515619864687324,1055.0972039345652,0.0
1779970547,150,GET,/product/9SIQT8TOJO,1.200000,1.200000,5,6,6,7,7,15,15,15,15,15,15,60,60,6,6.807895099821811,3.279356984421611,20.901998970657587,0.0
1779970547,150,GET,/product/L9ECAV7KIM,1.600000,1.600000,6,7,8,9,9,10,10,10,10,10,10,58,58,7,7.425063038806848,3.441318986006081,20.78797295689583,0.0
1779970547,150,GET,/product/LS4PSXUNUM,1.200000,1.200000,8,9,9,9,9,9,9,9,9,9,9,55,55,6,6.741649490273134,3.4266039729118347,14.985385932959616,0.0
1779970547,150,GET,/product/OLJCESPC7Z,1.300000,1.300000,6,8,9,9,15,1100,1100,1100,1100,1100,1100,63,63,7,40.275857412433695,3.314013942144811,1055.5047109955922,0.0
1779970547,150,,Aggregated,85.200000,85.200000,6,7,8,9,11,15,24,46,1100,1100,1100,4630,4630,7,17.1999491208593,2.240507979877293,1094.2321630427614,0.0
1779970548,150,GET,/,64.300000,64.300000,6,7,8,9,11,14,24,38,1100,1100,1100,3555,3555,7,16.406690344606094,2.240507979877293,1094.2321630427614,0.0
1779970548,150,POST,/cart,6.500000,6.500000,6,7,9,9,11,14,24,26,26,26,26,393,393,7,24.574381110919568,3.5040000220760703,1055.4386710282415,0.0
1779970548,150,POST,/cart/checkout,3.700000,3.700000,7,8,9,9,12,16,1100,1100,1100,1100,1100,192,192,7,14.357915846630931,3.255518968217075,1065.448960987851,0.0
1779970548,150,GET,/product/0PUK6V6EV0,0.900000,0.900000,7,7,8,8,64,64,64,64,64,64,64,61,61,7,25.4512102892775,3.6101529840379953,1071.3147450005636,0.0
1779970548,150,GET,/product/1YMWWN1N4O,1.000000,1.000000,5,6,7,7,7,9,9,9,9,9,9,70,70,6,21.868686534331314,3.0047199688851833,1040.0119059486315,0.0
1779970548,150,GET,/product/2ZYFJ3GM2N,1.300000,1.300000,5,7,7,10,11,1100,1100,1100,1100,1100,1100,72,72,6,22.7840259499822,2.879741950891912,1086.140649043955,0.0
1779970548,150,GET,/product/66VCHSJNUP,1.800000,1.800000,6,6,9,9,14,18,18,18,18,18,18,75,75,6,6.991918192555507,2.8023789636790752,26.857474935241044,0.0
1779970548,150,GET,/product/6E92ZMYYFZ,0.900000,0.900000,5,5,7,7,8,8,8,8,8,8,8,51,51,6,27.402981236923996,3.9515619864687324,1055.0972039345652,0.0
1779970548,150,GET,/product/9SIQT8TOJO,1.400000,1.400000,5,6,7,7,10,15,15,15,15,15,15,62,62,6,6.823006307616109,3.279356984421611,20.901998970657587,0.0
1779970548,150,GET,/product/L9ECAV7KIM,1.600000,1.600000,6,7,7,7,9,10,10,10,10,10,10,59,59,7,7.399462988221292,3.441318986006081,20.78797295689583,0.0
1779970548,150,GET,/product/LS4PSXUNUM,1.100000,1.100000,5,8,9,9,9,9,9,9,9,9,9,57,57,5,6.64524552657416,3.4266039729118347,14.985385932959616,0.0
1779970548,150,GET,/product/OLJCESPC7Z,1.300000,1.300000,6,7,8,9,15,15,15,15,15,15,15,63,63,7,40.275857412433695,3.314013942144811,1055.5047109955922,0.0
1779970548,150,,Aggregated,85.800000,85.800000,6,7,8,9,11,14,24,46,1100,1100,1100,4710,4710,7,17.23178687358113,2.240507979877293,1094.2321630427614,0.0
1779970549,150,GET,/,63.800000,63.800000,6,7,8,8,11,14,24,38,1100,1100,1100,3629,3629,7,16.185652842168018,2.240507979877293,1094.2321630427614,0.0
1779970549,150,POST,/cart,6.600000,6.600000,7,7,9,9,10,14,24,26,26,26,26,400,400,7,24.26414107583696,3.5040000220760703,1055.4386710282415,0.0
1779970549,150,POST,/cart/checkout,3.700000,3.700000,7,8,9,9,12,15,1100,1100,1100,1100,1100,194,194,7,14.300995626362022,3.255518968217075,1065.448960987851,0.0
1779970549,150,GET,/product/0PUK6V6EV0,0.800000,0.800000,6,6,7,7,64,64,64,64,64,64,64,65,65,7,24.239942288169495,3.6101529840379953,1071.3147450005636,0.0
1779970549,150,GET,/product/1YMWWN1N4O,1.100000,1.100000,5,5,7,7,7,9,9,9,9,9,9,71,71,6,21.620979483409876,3.0047199688851833,1040.0119059486315,0.0
1779970549,150,GET,/product/2ZYFJ3GM2N,1.400000,1.400000,6,7,10,10,11,1100,1100,1100,1100,1100,1100,72,72,6,22.7840259499822,2.879741950891912,1086.140649043955,0.0
1779970549,150,GET,/product/66VCHSJNUP,1.800000,1.800000,6,7,9,9,14,18,18,18,18,18,18,78,78,6,6.961415684483468,2.8023789636790752,26.857474935241044,0.0
1779970549,150,GET,/product/6E92ZMYYFZ,1.100000,1.100000,5,7,7,7,8,8,8,8,8,8,8,51,51,6,27.402981236923996,3.9515619864687324,1055.0972039345652,0.0
1779970549,150,GET,/product/9SIQT8TOJO,1.400000,1.400000,5,6,7,7,10,15,15,15,15,15,15,62,62,6,6.823006307616109,3.279356984421611,20.901998970657587,0.0
1779970549,150,GET,/product/L9ECAV7KIM,1.500000,1.500000,6,6,7,7,9,10,10,10,10,10,10,61,61,7,7.318677659314431,3.441318986006081,20.78797295689583,0.0
1779970549,150,GET,/product/LS4PSXUNUM,1.100000,1.100000,4,8,9,9,9,9,9,9,9,9,9,59,59,5,6.555675507238987,3.4266039729118347,14.985385932959616,0.0
1779970549,150,GET,/product/OLJCESPC7Z,1.200000,1.200000,6,7,8,9,15,15,15,15,15,15,15,63,63,7,40.275857412433695,3.314013942144811,1055.5047109955922,0.0
1779970549,150,,Aggregated,85.500000,85.500000,6,7,8,9,11,14,24,46,1100,1100,1100,4805,4805,7,17.003765134901606,2.240507979877293,1094.2321630427614,0.0
1779970550,150,GET,/,63.400000,63.400000,6,7,8,9,11,17,24,38,1100,1100,1100,3695,3695,7,16.056395143160852,2.240507979877293,1094.2321630427614,0.0
1779970550,150,POST,/cart,6.600000,6.600000,7,7,8,9,10,12,24,26,26,26,26,405,405,7,24.049197815439122,3.5040000220760703,1055.4386710282415,0.0
1779970550,150,POST,/cart/checkout,4.000000,4.000000,7,8,9,9,14,15,1100,1100,1100,1100,1100,195,195,7,14.270896715923953,3.255518968217075,1065.448960987851,0.0
1779970550,150,GET,/product/0PUK6V6EV0,0.700000,0.700000,6,7,7,7,10,64,64,64,64,64,64,67,67,7,23.735486787618765,3.6101529840379953,1071.3147450005636,0.0
1779970550,150,GET,/product/1YMWWN1N4O,1.300000,1.300000,5,7,7,7,7,9,9,9,9,9,9,72,72,6,21.416294810478576,3.0047199688851833,1040.0119059486315,0.0
1779970550,150,GET,/product/2ZYFJ3GM2N,1.400000,1.400000,6,7,10,10,11,1100,1100,1100,1100,1100,1100,72,72,6,22.7840259499822,2.879741950891912,1086.140649043955,0.0
1779970550,150,GET,/product/66VCHSJNUP,1.800000,1.800000,6,6,8,9,9,14,14,14,14,14,14,78,78,6,6.961415684483468,2.8023789636790752,26.857474935241044,0.0
1779970550,150,GET,/product/6E92ZMYYFZ,0.900000,0.900000,5,5,7,7,8,8,8,8,8,8,8,52,52,6,26.970074424752966,3.9515619864687324,1055.0972039345652,0.0
1779970550,150,GET,/product/9SIQT8TOJO,1.300000,1.300000,5,7,7,10,15,17,17,17,17,17,17,63,63,6,6.987549937404101,3.279356984421611,20.901998970657587,0.0
1779970550,150,GET,/product/L9ECAV7KIM,1.500000,1.500000,6,6,7,7,9,10,10,10,10,10,10,62,62,7,7.279481536017791,3.441318986006081,20.78797295689583,0.0
1779970550,150,GET,/product/LS4PSXUNUM,1.100000,1.100000,4,9,9,9,9,9,9,9,9,9,9,59,59,5,6.555675507238987,3.4266039729118347,14.985385932959616,0.0
1779970550,150,GET,/product/OLJCESPC7Z,1.100000,1.100000,7,8,8,9,15,15,15,15,15,15,15,64,64,7,39.77667295293941,3.314013942144811,1055.5047109955922,0.0
1779970550,150,,Aggregated,85.100000,85.100000,6,7,8,9,11,15,24,38,1100,1100,1100,4884,4884,7,16.87004513862462,2.240507979877293,1094.2321630427614,0.0
1779970551,150,GET,/,63.200000,63.200000,6,7,8,9,12,18,27,34,1100,1100,1100,3771,3771,7,15.918350160108087,2.240507979877293,1094.2321630427614,0.0
1779970551,150,POST,/cart,7.000000,7.000000,7,7,8,9,10,12,24,26,26,26,26,407,407,7,23.9635787550154,3.5040000220760703,1055.4386710282415,0.0
1779970551,150,POST,/cart/checkout,3.800000,3.800000,7,8,8,9,12,14,1100,1100,1100,1100,1100,199,199,7,14.120693520956378,3.255518968217075,1065.448960987851,0.0
1779970551,150,GET,/product/0PUK6V6EV0,0.600000,0.600000,6,6,10,10,22,64,64,64,64,64,64,69,69,7,23.446478909623902,3.6101529840379953,1071.3147450005636,0.0
1779970551,150,GET,/product/1YMWWN1N4O,1.400000,1.400000,5,7,7,7,9,15,15,15,15,15,15,74,74,6,21.11563365277205,3.0047199688851833,1040.0119059486315,0.0
1779970551,150,GET,/product/2ZYFJ3GM2N,1.300000,1.300000,5,6,7,7,10,11,11,11,11,11,11,74,74,6,22.294415113818204,2.879741950891912,1086.140649043955,0.0
1779970551,150,GET,/product/66VCHSJNUP,1.600000,1.600000,6,8,9,9,14,14,14,14,14,14,14,79,79,6,7.053250740164349,2.8023789636790752,26.857474935241044,0.0
1779970551,150,GET,/product/6E92ZMYYFZ,0.800000,0.800000,5,5,7,7,8,8,8,8,8,8,8,52,52,6,26.970074424752966,3.9515619864687324,1055.0972039345652,0.0
1779970551,150,GET,/product/9SIQT8TOJO,1.400000,1.400000,6,7,8,8,15,17,17,17,17,17,17,67,67,6,6.928492539020172,3.279356984421611,20.901998970657587,0.0
1779970551,150,GET,/product/L9ECAV7KIM,1.400000,1.400000,6,7,7,7,9,10,10,10,10,10,10,63,63,7,7.220391607252023,3.441318986006081,20.78797295689583,0.0
1779970551,150,GET,/product/LS4PSXUNUM,1.200000,1.200000,5,8,9,9,9,9,9,9,9,9,9,61,61,5,6.522357555442169,3.4266039729118347,14.985385932959616,0.0
1779970551,150,GET,/product/OLJCESPC7Z,1.000000,1.000000,6,7,8,8,15,15,15,15,15,15,15,66,66,7,38.68946228811348,3.314013942144811,1055.5047109955922,0.0
1779970551,150,,Aggregated,84.700000,84.700000,6,7,8,9,12,17,26,34,1100,1100,1100,4982,4982,7,16.710468956854626,2.240507979877293,1094.2321630427614,0.0
1779970552,150,GET,/,63.700000,63.600000,6,7,8,9,13,21,28,34,1100,1100,1100,3830,3830,7,15.808656856183001,2.240507979877293,1094.2321630427614,0.0
1779970552,150,POST,/cart,7.400000,7.400000,7,8,8,9,10,12,24,26,26,26,26,411,411,7,23.794939319168076,3.5040000220760703,1055.4386710282415,0.0
1779970552,150,POST,/cart/checkout,3.200000,3.200000,6,7,8,9,12,14,1100,1100,1100,1100,1100,201,201,7,14.040947744659894,3.255518968217075,1065.448960987851,0.0
1779970552,150,GET,/product/0PUK6V6EV0,0.900000,0.900000,6,6,7,10,64,1100,1100,1100,1100,1100,1100,74,74,6,36.474401241394915,3.6101529840379953,1071.3147450005636,0.0
1779970552,150,GET,/product/1YMWWN1N4O,1.200000,1.200000,5,7,7,7,9,15,15,15,15,15,15,75,75,6,20.92635257790486,3.0047199688851833,1040.0119059486315,0.0
1779970552,150,GET,/product/2ZYFJ3GM2N,1.200000,1.200000,6,7,7,7,10,11,11,11,11,11,11,75,75,6,22.083401832108695,2.879741950891912,1086.140649043955,0.0
1779970552,150,GET,/product/66VCHSJNUP,1.600000,1.600000,6,8,9,9,14,14,14,14,14,14,14,80,80,6,7.02876318100607,2.8023789636790752,26.857474935241044,0.0
1779970552,150,GET,/product/6E92ZMYYFZ,0.800000,0.800000,5,6,7,7,8,8,8,8,8,8,8,53,53,6,26.581153548146897,3.9515619864687324,1055.0972039345652,0.0
1779970552,150,GET,/product/9SIQT8TOJO,1.200000,1.200000,6,7,8,8,15,17,17,17,17,17,17,68,68,6,6.894071942523999,3.279356984421611,20.901998970657587,0.0
1779970552,150,GET,/product/L9ECAV7KIM,1.500000,1.500000,6,7,7,7,7,9,9,9,9,9,9,64,64,7,7.222345644549932,3.441318986006081,20.78797295689583,0.0
1779970552,150,GET,/product/LS4PSXUNUM,1.100000,1.100000,6,8,9,9,9,41,41,41,41,41,41,64,64,5,7.022131623671157,3.4266039729118347,41.36197303887457,0.0
1779970552,150,GET,/product/OLJCESPC7Z,0.900000,0.900000,6,8,8,8,9,15,15,15,15,15,15,68,68,7,37.7262473835692,3.25587997213006,1055.5047109955922,0.0
1779970552,150,,Aggregated,84.700000,84.600000,6,7,8,9,12,20,27,38,1100,1100,1100,5063,5063,7,16.78666285611744,2.240507979877293,1094.2321630427614,0.0
1779970553,150,GET,/,64.300000,64.300000,6,7,8,9,13,21,28,34,1100,1100,1100,3896,3896,7,15.6491699587177,2.240507979877293,1094.2321630427614,0.0
1779970553,150,POST,/cart,7.700000,7.700000,7,8,8,9,11,14,24,26,26,26,26,420,420,7,23.445721479531908,3.5040000220760703,1055.4386710282415,0.0
1779970553,150,POST,/cart/checkout,2.900000,2.900000,6,7,7,9,12,14,1100,1100,1100,1100,1100,206,206,7,13.879752080453542,3.255518968217075,1065.448960987851,0.0
1779970553,150,GET,/product/0PUK6V6EV0,1.000000,1.000000,5,6,8,10,64,1100,1100,1100,1100,1100,1100,77,77,6,35.25126234979018,3.5141260595992208,1071.3147450005636,0.0
1779970553,150,GET,/product/1YMWWN1N4O,1.100000,1.100000,5,7,7,9,9,15,15,15,15,15,15,77,77,6,20.55225536898504,3.0047199688851833,1040.0119059486315,0.0
1779970553,150,GET,/product/2ZYFJ3GM2N,1.100000,1.100000,6,6,7,7,10,10,10,10,10,10,10,75,75,6,22.083401832108695,2.879741950891912,1086.140649043955,0.0
1779970553,150,GET,/product/66VCHSJNUP,1.400000,1.400000,6,6,9,9,9,14,14,14,14,14,14,82,82,6,6.984643591283934,2.8023789636790752,26.857474935241044,0.0
1779970553,150,GET,/product/6E92ZMYYFZ,0.800000,0.800000,5,5,6,7,8,8,8,8,8,8,8,56,56,6,25.369884768484294,2.9571999330073595,1055.0972039345652,0.0
1779970553,150,GET,/product/9SIQT8TOJO,1.300000,1.300000,7,7,8,8,15,17,17,17,17,17,17,70,70,6,6.908162358948695,3.279356984421611,20.901998970657587,0.0
1779970553,150,GET,/product/L9ECAV7KIM,1.500000,1.500000,5,6,6,7,7,9,9,9,9,9,9,66,66,7,7.112796109691827,3.1617910135537386,20.78797295689583,0.0
1779970553,150,GET,/product/LS4PSXUNUM,1.100000,1.100000,6,9,9,9,9,41,41,41,41,41,41,64,64,5,7.022131623671157,3.4266039729118347,41.36197303887457,0.0
1779970553,150,GET,/product/OLJCESPC7Z,0.700000,0.700000,6,8,8,9,15,15,15,15,15,15,15,69,69,7,37.23597542241054,3.25587997213006,1055.5047109955922,0.0
1779970553,150,,Aggregated,84.900000,84.900000,6,7,8,9,12,20,27,38,1100,1100,1100,5158,5158,7,16.594395709352963,2.240507979877293,1094.2321630427614,0.0
1779970554,150,GET,/,66.200000,66.200000,6,7,8,9,12,18,27,29,1100,1100,1100,3958,3958,7,15.76793325144681,2.240507979877293,1094.2321630427614,0.0
1779970554,150,POST,/cart,6.700000,6.700000,7,7,8,9,11,13,24,26,26,26,26,431,431,7,23.027305105018264,2.8912669513374567,1055.4386710282415,0.0
1779970554,150,POST,/cart/checkout,2.900000,2.900000,6,7,7,8,10,14,1100,1100,1100,1100,1100,209,209,7,13.750494332453815,3.255518968217075,1065.448960987851,0.0
1779970554,150,GET,/product/0PUK6V6EV0,1.200000,1.200000,5,6,8,10,64,1100,1100,1100,1100,1100,1100,78,78,6,34.85894135874099,3.5141260595992208,1071.3147450005636,0.0
1779970554,150,GET,/product/1YMWWN1N4O,1.200000,1.200000,5,7,7,9,9,15,15,15,15,15,15,79,79,6,20.17280976346965,3.0047199688851833,1040.0119059486315,0.0
1779970554,150,GET,/product/2ZYFJ3GM2N,1.300000,1.300000,6,6,7,9,10,10,10,10,10,10,10,77,77,6,21.669637120038562,2.879741950891912,1086.140649043955,0.0
1779970554,150,GET,/product/66VCHSJNUP,1.400000,1.400000,6,6,6,8,9,14,14,14,14,14,14,84,84,6,6.914975373850514,2.8023789636790752,26.857474935241044,0.0
1779970554,150,GET,/product/6E92ZMYYFZ,0.700000,0.700000,5,5,6,7,8,8,8,8,8,8,8,56,56,6,25.369884768484294,2.9571999330073595,1055.0972039345652,0.0
1779970554,150,GET,/product/9SIQT8TOJO,1.600000,1.600000,6,7,8,8,10,17,17,17,17,17,17,71,71,6,6.89171919841844,3.279356984421611,20.901998970657587,0.0
1779970554,150,GET,/product/L9ECAV7KIM,1.500000,1.500000,5,6,6,6,7,8,8,8,8,8,8,68,68,7,7.090775960344164,3.1617910135537386,20.78797295689583,0.0
1779970554,150,GET,/product/LS4PSXUNUM,1.300000,1.300000,5,7,9,9,9,41,41,41,41,41,41,64,64,5,7.022131623671157,3.4266039729118347,41.36197303887457,0.0
1779970554,150,GET,/product/OLJCESPC7Z,0.900000,0.900000,5,8,9,9,15,15,15,15,15,15,15,70,70,6,36.77348874542596,3.25587997213006,1055.5047109955922,0.0
1779970554,150,,Aggregated,86.900000,86.900000,6,7,8,9,12,17,26,31,1100,1100,1100,5245,5245,7,16.622674932971496,2.240507979877293,1094.2321630427614,0.0
1779970555,150,GET,/,64.600000,64.600000,6,7,8,9,12,18,27,29,1100,1100,1100,4026,4026,7,15.861104686217779,2.240507979877293,1094.2321630427614,0.0
1779970555,150,POST,/cart,7.000000,7.000000,7,7,8,9,10,13,24,26,26,26,26,438,438,7,22.756650804150766,2.8912669513374567,1055.4386710282415,0.0
1779970555,150,POST,/cart/checkout,2.700000,2.700000,6,7,7,8,12,14,1100,1100,1100,1100,1100,209,209,7,13.750494332453815,3.255518968217075,1065.448960987851,0.0
1779970555,150,GET,/product/0PUK6V6EV0,1.700000,1.700000,5,6,6,8,22,1100,1100,1100,1100,1100,1100,79,79,6,34.476233683113904,3.5141260595992208,1071.3147450005636,0.0
1779970555,150,GET,/product/1YMWWN1N4O,1.300000,1.300000,7,7,8,9,9,15,15,15,15,15,15,80,80,6,20.014485940919258,3.0047199688851833,1040.0119059486315,0.0
1779970555,150,GET,/product/2ZYFJ3GM2N,1.100000,1.100000,5,6,6,6,9,9,9,9,9,9,9,77,77,6,21.669637120038562,2.879741950891912,1086.140649043955,0.0
1779970555,150,GET,/product/66VCHSJNUP,1.300000,1.300000,5,6,6,6,8,14,14,14,14,14,14,85,85,6,6.890978134127662,2.8023789636790752,26.857474935241044,0.0
1779970555,150,GET,/product/6E92ZMYYFZ,0.700000,0.700000,5,6,8,8,8,8,8,8,8,8,8,57,57,6,25.071198000213165,2.9571999330073595,1055.0972039345652,0.0
1779970555,150,GET,/product/9SIQT8TOJO,1.600000,1.600000,7,7,8,10,11,17,17,17,17,17,17,73,73,6,6.953055946449813,3.279356984421611,20.901998970657587,0.0
1779970555,150,GET,/product/L9ECAV7KIM,1.400000,1.400000,6,6,6,6,7,8,8,8,8,8,8,69,69,7,7.076941975527376,3.1617910135537386,20.78797295689583,0.0
1779970555,150,GET,/product/LS4PSXUNUM,1.500000,1.500000,5,7,7,7,9,41,41,41,41,41,41,65,65,5,7.023548229167668,3.4266039729118347,41.36197303887457,0.0
1779970555,150,GET,/product/OLJCESPC7Z,0.900000,0.900000,5,8,9,9,15,15,15,15,15,15,15,71,71,7,36.38738935524729,3.25587997213006,1055.5047109955922,0.0
1779970555,150,,Aggregated,85.800000,85.800000,6,7,8,8,12,17,26,31,1100,1100,1100,5329,5329,7,16.652678929598395,2.240507979877293,1094.2321630427614,0.0
1779970556,150,GET,/,64.200000,64.200000,6,7,8,8,11,16,26,29,1100,1100,1100,4101,4101,7,15.682438334758523,2.240507979877293,1094.2321630427614,0.0
1779970556,150,POST,/cart,6.600000,6.600000,6,7,8,8,10,11,13,14,14,14,14,445,445,7,22.489760672213155,2.8912669513374567,1055.4386710282415,0.0
1779970556,150,POST,/cart/checkout,3.000000,3.000000,6,7,7,8,10,12,14,14,14,14,14,210,210,7,13.70232576903488,3.255518968217075,1065.448960987851,0.0
1779970556,150,GET,/product/0PUK6V6EV0,1.900000,1.900000,5,6,6,7,10,22,1100,1100,1100,1100,1100,83,83,6,33.0475141330768,3.5141260595992208,1071.3147450005636,0.0
1779970556,150,GET,/product/1YMWWN1N4O,1.400000,1.400000,5,7,7,8,9,15,15,15,15,15,15,82,82,6,19.62922268728839,3.0047199688851833,1040.0119059486315,0.0
1779970556,150,GET,/product/2ZYFJ3GM2N,1.000000,1.000000,5,6,6,6,9,9,9,9,9,9,9,78,78,6,21.44313995123435,2.879741950891912,1086.140649043955,0.0
1779970556,150,GET,/product/66VCHSJNUP,1.200000,1.200000,5,6,8,8,11,14,14,14,14,14,14,87,87,6,6.952210635899555,2.8023789636790752,26.857474935241044,0.0
1779970556,150,GET,/product/6E92ZMYYFZ,0.900000,0.900000,5,6,8,8,10,10,10,10,10,10,10,59,59,6,24.453181203186386,2.9571999330073595,1055.0972039345652,0.0
1779970556,150,GET,/product/9SIQT8TOJO,1.600000,1.600000,7,8,8,10,17,17,17,17,17,17,17,76,76,6,7.088784909635586,3.279356984421611,20.901998970657587,0.0
1779970556,150,GET,/product/L9ECAV7KIM,1.400000,1.400000,5,6,6,7,8,9,9,9,9,9,9,73,73,6,6.993392453694793,3.1617910135537386,20.78797295689583,0.0
1779970556,150,GET,/product/LS4PSXUNUM,1.300000,1.300000,5,7,7,7,9,41,41,41,41,41,41,65,65,5,7.023548229167668,3.4266039729118347,41.36197303887457,0.0
1779970556,150,GET,/product/OLJCESPC7Z,1.000000,1.000000,5,8,9,9,15,15,15,15,15,15,15,71,71,7,36.38738935524729,3.25587997213006,1055.5047109955922,0.0
1779970556,150,,Aggregated,85.500000,85.500000,6,7,7,8,10,14,25,29,1100,1100,1100,5430,5430,7,16.456923935314535,2.240507979877293,1094.2321630427614,0.0
1779970557,150,GET,/,63.900000,63.900000,6,7,8,8,11,16,27,31,1100,1100,1100,4161,4161,7,15.791181403608862,2.240507979877293,1094.2321630427614,0.0
1779970557,150,POST,/cart,7.500000,7.500000,7,7,7,8,9,11,13,14,14,14,14,451,451,7,22.283777576755575,2.8912669513374567,1055.4386710282415,0.0
1779970557,150,POST,/cart/checkout,3.200000,3.200000,6,7,7,8,12,14,14,14,14,14,14,211,211,7,13.656889277695727,3.255518968217075,1065.448960987851,0.0
1779970557,150,GET,/product/0PUK6V6EV0,1.900000,1.900000,5,6,7,8,10,22,1100,1100,1100,1100,1100,84,84,6,32.74542119054656,3.5141260595992208,1071.3147450005636,0.0
1779970557,150,GET,/product/1YMWWN1N4O,1.500000,1.500000,5,7,7,8,9,15,15,15,15,15,15,82,82,6,19.62922268728839,3.0047199688851833,1040.0119059486315,0.0
1779970557,150,GET,/product/2ZYFJ3GM2N,1.000000,1.000000,5,6,6,6,9,9,9,9,9,9,9,79,79,6,21.22361407780289,2.879741950891912,1086.140649043955,0.0
1779970557,150,GET,/product/66VCHSJNUP,1.300000,1.300000,6,7,8,8,11,14,14,14,14,14,14,89,89,6,6.951219543521659,2.8023789636790752,26.857474935241044,0.0
1779970557,150,GET,/product/6E92ZMYYFZ,0.900000,0.900000,5,6,8,8,10,10,10,10,10,10,10,59,59,6,24.453181203186386,2.9571999330073595,1055.0972039345652,0.0
1779970557,150,GET,/product/9SIQT8TOJO,1.700000,1.700000,7,8,8,10,17,17,17,17,17,17,17,80,80,6,6.97531487676315,3.279356984421611,20.901998970657587,0.0
1779970557,150,GET,/product/L9ECAV7KIM,1.100000,1.100000,5,6,6,6,8,9,9,9,9,9,9,74,74,6,6.953698123578687,3.1617910135537386,20.78797295689583,0.0
1779970557,150,GET,/product/LS4PSXUNUM,1.200000,1.200000,5,6,7,7,7,41,41,41,41,41,41,66,66,5,7.006600513264085,3.4266039729118347,41.36197303887457,0.0
1779970557,150,GET,/product/OLJCESPC7Z,0.900000,0.900000,5,8,9,9,9,18,18,18,18,18,18,74,74,6,35.28067544952186,3.25587997213006,1055.5047109955922,0.0
1779970557,150,,Aggregated,86.100000,86.100000,6,7,7,8,10,15,25,31,1100,1100,1100,5510,5510,7,16.49415081604798,2.240507979877293,1094.2321630427614,0.0
1779970558,150,GET,/,64.900000,64.900000,6,7,8,8,11,17,26,29,1000,1000,1000,4233,4233,7,15.645200281723861,2.240507979877293,1094.2321630427614,0.0
1779970558,150,POST,/cart,7.500000,7.500000,7,7,8,8,9,11,13,14,14,14,14,458,458,7,22.053072273763767,2.8912669513374567,1055.4386710282415,0.0
1779970558,150,POST,/cart/checkout,2.700000,2.700000,6,7,7,8,12,14,16,16,16,16,16,216,216,7,13.507429821873773,3.255518968217075,1065.448960987851,0.0
1779970558,150,GET,/product/0PUK6V6EV0,2.100000,2.100000,5,6,7,8,10,22,1100,1100,1100,1100,1100,86,86,6,32.11569810437775,3.5141260595992208,1071.3147450005636,0.0
1779970558,150,GET,/product/1YMWWN1N4O,1.400000,1.400000,6,7,8,8,9,15,15,15,15,15,15,82,82,6,19.62922268728839,3.0047199688851833,1040.0119059486315,0.0
1779970558,150,GET,/product/2ZYFJ3GM2N,0.700000,0.700000,6,6,7,8,9,9,9,9,9,9,9,81,81,6,20.88774734803326,2.879741950891912,1086.140649043955,0.0
1779970558,150,GET,/product/66VCHSJNUP,1.200000,1.200000,6,7,8,8,11,14,14,14,14,14,14,90,90,6,6.9609682929391665,2.8023789636790752,26.857474935241044,0.0
1779970558,150,GET,/product/6E92ZMYYFZ,0.800000,0.800000,5,6,8,8,10,10,10,10,10,10,10,59,59,6,24.453181203186386,2.9571999330073595,1055.0972039345652,0.0
1779970558,150,GET,/product/9SIQT8TOJO,1.600000,1.600000,7,7,8,8,11,17,17,17,17,17,17,82,82,6,6.9669422582814065,3.279356984421611,20.901998970657587,0.0
1779970558,150,GET,/product/L9ECAV7KIM,1.100000,1.100000,5,5,6,6,8,9,9,9,9,9,9,75,75,6,6.917579495348036,3.1617910135537386,20.78797295689583,0.0
1779970558,150,GET,/product/LS4PSXUNUM,1.100000,1.100000,6,6,7,7,7,41,41,41,41,41,41,68,68,5,6.9425531888983265,3.4266039729118347,41.36197303887457,0.0
1779970558,150,GET,/product/OLJCESPC7Z,0.800000,0.800000,5,8,9,9,11,18,18,18,18,18,18,75,75,7,34.95389870988826,3.25587997213006,1055.5047109955922,0.0
1779970558,150,,Aggregated,85.900000,85.900000,6,7,8,8,11,15,25,29,1100,1100,1100,5605,5605,7,16.33549815392326,2.240507979877293,1094.2321630427614,0.0
1779970559,150,GET,/,65.600000,65.600000,6,7,8,8,11,17,27,31,1100,1100,1100,4295,4295,7,15.749651016651223,2.240507979877293,1094.2321630427614,0.0
1779970559,150,POST,/cart,7.000000,7.000000,7,7,8,8,9,11,13,14,14,14,14,461,461,7,21.947016141785475,2.8912669513374567,1055.4386710282415,0.0
1779970559,150,POST,/cart/checkout,2.500000,2.500000,6,7,8,10,11,12,16,16,16,16,16,218,218,7,13.478875978862645,3.255518968217075,1065.448960987851,0.0
1779970559,150,GET,/product/0PUK6V6EV0,2.400000,2.400000,5,6,7,8,10,22,1100,1100,1100,1100,1100,86,86,6,32.11569810437775,3.5141260595992208,1071.3147450005636,0.0
1779970559,150,GET,/product/1YMWWN1N4O,1.500000,1.500000,6,7,7,8,9,15,15,15,15,15,15,84,84,6,19.314241386295873,3.0047199688851833,1040.0119059486315,0.0
1779970559,150,GET,/product/2ZYFJ3GM2N,0.700000,0.700000,6,7,7,8,9,9,9,9,9,9,9,82,82,6,20.714788855246564,2.879741950891912,1086.140649043955,0.0
1779970559,150,GET,/product/66VCHSJNUP,1.300000,1.300000,6,7,8,8,11,14,14,14,14,14,14,90,90,6,6.9609682929391665,2.8023789636790752,26.857474935241044,0.0
1779970559,150,GET,/product/6E92ZMYYFZ,0.800000,0.800000,5,6,8,8,9,10,10,10,10,10,10,62,62,6,23.57365664530305,2.9571999330073595,1055.0972039345652,0.0
1779970559,150,GET,/product/9SIQT8TOJO,1.700000,1.700000,7,7,8,8,17,17,17,17,17,17,17,82,82,6,6.9669422582814065,3.279356984421611,20.901998970657587,0.0
1779970559,150,GET,/product/L9ECAV7KIM,1.500000,1.500000,5,5,6,7,8,9,9,9,9,9,9,76,76,6,6.886206173619843,3.1617910135537386,20.78797295689583,0.0
1779970559,150,GET,/product/LS4PSXUNUM,1.000000,1.000000,6,6,7,7,7,41,41,41,41,41,41,68,68,5,6.9425531888983265,3.4266039729118347,41.36197303887457,0.0
1779970559,150,GET,/product/OLJCESPC7Z,0.800000,0.800000,5,8,9,9,11,18,18,18,18,18,18,77,77,6,34.16244587377197,3.25587997213006,1055.5047109955922,0.0
1779970559,150,,Aggregated,86.800000,86.800000,6,7,8,8,11,16,25,31,1100,1100,1100,5681,5681,7,16.38249890207723,2.240507979877293,1094.2321630427614,0.0
1779970560,150,GET,/,66.400000,66.400000,6,7,7,8,10,14,25,29,1100,1100,1100,4356,4356,7,15.608994698701846,2.240507979877293,1094.2321630427614,0.0
1779970560,150,POST,/cart,6.700000,6.700000,6,7,7,8,9,11,13,14,14,14,14,468,468,7,21.690355212095344,2.8912669513374567,1055.4386710282415,0.0
1779970560,150,POST,/cart/checkout,2.000000,2.000000,6,7,8,9,11,12,16,16,16,16,16,224,224,7,13.30673634428032,3.255518968217075,1065.448960987851,0.0
1779970560,150,GET,/product/0PUK6V6EV0,2.400000,2.400000,5,6,7,8,22,1100,1100,1100,1100,1100,1100,86,86,6,32.11569810437775,3.5141260595992208,1071.3147450005636,0.0
1779970560,150,GET,/product/1YMWWN1N4O,1.300000,1.300000,6,7,8,8,10,15,15,15,15,15,15,88,88,6,18.750607140563343,3.0047199688851833,1040.0119059486315,0.0
1779970560,150,GET,/product/2ZYFJ3GM2N,0.700000,0.700000,6,7,7,8,9,9,9,9,9,9,9,82,82,6,20.714788855246564,2.879741950891912,1086.140649043955,0.0
1779970560,150,GET,/product/66VCHSJNUP,1.400000,1.400000,5,7,8,8,11,14,14,14,14,14,14,91,91,6,6.925928598310757,2.8023789636790752,26.857474935241044,0.0
1779970560,150,GET,/product/6E92ZMYYFZ,0.800000,0.800000,5,6,6,8,9,10,10,10,10,10,10,64,64,6,22.970309844822623,2.9571999330073595,1055.0972039345652,0.0
1779970560,150,GET,/product/9SIQT8TOJO,2.000000,2.000000,6,7,8,8,11,17,17,17,17,17,17,82,82,6,6.9669422582814065,3.279356984421611,20.901998970657587,0.0
1779970560,150,GET,/product/L9ECAV7KIM,1.600000,1.600000,5,5,6,7,8,9,9,9,9,9,9,77,77,6,6.873759262675009,3.1617910135537386,20.78797295689583,0.0
1779970560,150,GET,/product/LS4PSXUNUM,1.100000,1.100000,6,6,7,7,41,41,41,41,41,41,41,68,68,5,6.9425531888983265,3.4266039729118347,41.36197303887457,0.0
1779970560,150,GET,/product/OLJCESPC7Z,1.100000,1.100000,5,5,9,9,11,18,18,18,18,18,18,77,77,6,34.16244587377197,3.25587997213006,1055.5047109955922,0.0
1779970560,150,,Aggregated,87.500000,87.500000,6,7,7,8,10,14,22,29,1100,1100,1100,5763,5763,7,16.230907903773456,2.240507979877293,1094.2321630427614,0.0
1779970561,150,GET,/,67.400000,67.400000,6,7,7,8,10,13,21,27,1100,1100,1100,4423,4423,7,15.69665685589163,2.240507979877293,1094.2321630427614,0.0
1779970561,150,POST,/cart,6.500000,6.500000,6,7,7,8,9,11,13,14,14,14,14,478,478,7,21.34907782096299,2.8912669513374567,1055.4386710282415,0.0
1779970561,150,POST,/cart/checkout,2.400000,2.400000,6,7,7,8,11,12,16,16,16,16,16,229,229,7,13.154903280357606,3.255518968217075,1065.448960987851,0.0
1779970561,150,GET,/product/0PUK6V6EV0,2.500000,2.500000,5,5,7,7,8,1100,1100,1100,1100,1100,1100,88,88,6,31.50862848798914,3.5141260595992208,1071.3147450005636,0.0
1779970561,150,GET,/product/1YMWWN1N4O,1.200000,1.200000,6,7,8,8,9,10,10,10,10,10,10,90,90,6,18.49228832612021,3.0047199688851833,1040.0119059486315,0.0
1779970561,150,GET,/product/2ZYFJ3GM2N,0.900000,0.900000,7,7,8,9,9,9,9,9,9,9,9,84,84,6,20.37507953632268,2.879741950891912,1086.140649043955,0.0
1779970561,150,GET,/product/66VCHSJNUP,1.500000,1.500000,5,7,8,8,8,11,11,11,11,11,11,91,91,6,6.925928598310757,2.8023789636790752,26.857474935241044,0.0
1779970561,150,GET,/product/6E92ZMYYFZ,0.800000,0.800000,4,6,6,8,9,10,10,10,10,10,10,65,65,6,22.673701292548614,2.9571999330073595,1055.0972039345652,0.0
1779970561,150,GET,/product/9SIQT8TOJO,2.000000,2.000000,6,7,7,8,11,17,17,17,17,17,17,84,84,6,6.895036752601819,3.279356984421611,20.901998970657587,0.0
1779970561,150,GET,/product/L9ECAV7KIM,1.700000,1.700000,6,6,7,8,10,10,10,10,10,10,10,82,82,6,6.941420882202049,3.1617910135537386,20.78797295689583,0.0
1779970561,150,GET,/product/LS4PSXUNUM,1.100000,1.100000,6,7,8,8,41,41,41,41,41,41,41,69,69,6,6.952484576976386,3.4266039729118347,41.36197303887457,0.0
1779970561,150,GET,/product/OLJCESPC7Z,1.200000,1.200000,5,5,9,9,11,18,18,18,18,18,18,78,78,6,33.788217979375844,3.25587997213006,1055.5047109955922,0.0
1779970561,150,,Aggregated,89.200000,89.200000,6,7,7,8,10,12,20,27,1100,1100,1100,5861,5861,6,16.236111480088653,2.240507979877293,1094.2321630427614,0.0
1779970562,150,GET,/,66.700000,66.800000,6,7,7,8,9,11,17,25,1100,1100,1100,4475,4475,7,15.602541834001517,2.240507979877293,1094.2321630427614,0.0
1779970562,150,POST,/cart,6.100000,6.100000,6,7,7,8,8,10,13,13,13,13,13,489,489,7,21.04049055086704,2.8912669513374567,1055.4386710282415,0.0
1779970562,150,POST,/cart/checkout,2.400000,2.400000,7,7,8,8,11,16,33,33,33,33,33,232,232,7,13.184286820589854,3.255518968217075,1065.448960987851,0.0
1779970562,150,GET,/product/0PUK6V6EV0,2.100000,2.100000,5,6,7,7,8,8,8,8,8,8,8,88,88,6,31.50862848798914,3.5141260595992208,1071.3147450005636,0.0
1779970562,150,GET,/product/1YMWWN1N4O,1.300000,1.300000,6,6,7,8,9,10,10,10,10,10,10,93,93,6,18.05650227157379,3.0047199688851833,1040.0119059486315,0.0
1779970562,150,GET,/product/2ZYFJ3GM2N,1.000000,1.000000,7,7,8,9,9,9,9,9,9,9,9,84,84,6,20.37507953632268,2.879741950891912,1086.140649043955,0.0
1779970562,150,GET,/product/66VCHSJNUP,1.200000,1.200000,5,7,8,8,8,11,11,11,11,11,11,91,91,6,6.925928598310757,2.8023789636790752,26.857474935241044,0.0
1779970562,150,GET,/product/6E92ZMYYFZ,1.100000,1.100000,4,5,6,8,9,10,10,10,10,10,10,67,67,5,22.138557836427285,2.9571999330073595,1055.0972039345652,0.0
1779970562,150,GET,/product/9SIQT8TOJO,2.000000,2.000000,6,7,8,8,12,17,17,17,17,17,17,86,86,6,6.933363444215163,3.279356984421611,20.901998970657587,0.0
1779970562,150,GET,/product/L9ECAV7KIM,1.500000,1.500000,6,6,7,8,10,10,10,10,10,10,10,82,82,6,6.941420882202049,3.1617910135537386,20.78797295689583,0.0
1779970562,150,GET,/product/LS4PSXUNUM,0.900000,0.900000,6,7,8,8,41,41,41,41,41,41,41,69,69,6,6.952484576976386,3.4266039729118347,41.36197303887457,0.0
1779970562,150,GET,/product/OLJCESPC7Z,1.400000,1.400000,5,5,9,9,11,18,18,18,18,18,18,80,80,6,33.09202384116361,3.25587997213006,1055.5047109955922,0.0
1779970562,150,,Aggregated,87.700000,87.800000,6,7,7,8,9,11,17,21,1100,1100,1100,5936,5936,6,16.128460548735273,2.240507979877293,1094.2321630427614,0.0
1779970563,150,GET,/,65.800000,65.800000,6,7,7,8,9,11,17,24,1100,1100,1100,4545,4545,7,15.69972577209229,2.240507979877293,1094.2321630427614,0.0
1779970563,150,POST,/cart,6.300000,6.300000,6,7,8,8,9,9,13,14,14,14,14,496,496,7,20.863350395830498,2.8912669513374567,1055.4386710282415,0.0
1779970563,150,POST,/cart/checkout,2.900000,2.900000,7,7,8,8,10,16,33,33,33,33,33,237,237,7,13.054151769790343,3.255518968217075,1065.448960987851,0.0
1779970563,150,GET,/product/0PUK6V6EV0,1.900000,1.900000,5,7,7,8,9,9,9,9,9,9,9,91,91,6,30.713066704325623,3.5141260595992208,1071.3147450005636,0.0
1779970563,150,GET,/product/1YMWWN1N4O,1.600000,1.600000,6,6,7,8,9,10,10,10,10,10,10,94,94,6,17.91160161968598,3.0047199688851833,1040.0119059486315,0.0
1779970563,150,GET,/product/2ZYFJ3GM2N,1.000000,1.000000,7,7,8,9,9,9,9,9,9,9,9,85,85,6,20.1863782836453,2.879741950891912,1086.140649043955,0.0
1779970563,150,GET,/product/66VCHSJNUP,1.300000,1.300000,7,8,8,9,11,11,11,11,11,11,11,93,93,6,6.946915489000578,2.8023789636790752,26.857474935241044,0.0
1779970563,150,GET,/product/6E92ZMYYFZ,1.200000,1.200000,5,6,8,8,9,10,10,10,10,10,10,68,68,5,21.921202867387738,2.9571999330073595,1055.0972039345652,0.0
1779970563,150,GET,/product/9SIQT8TOJO,2.000000,2.000000,6,6,7,8,12,17,17,17,17,17,17,87,87,6,6.927794071674432,3.279356984421611,20.901998970657587,0.0
1779970563,150,GET,/product/L9ECAV7KIM,1.500000,1.500000,6,6,9,9,10,10,10,10,10,10,10,84,84,6,6.937519848136054,3.1617910135537386,20.78797295689583,0.0
1779970563,150,GET,/product/LS4PSXUNUM,0.900000,0.900000,6,6,7,7,8,8,8,8,8,8,8,70,70,5,6.912686411357884,3.4266039729118347,41.36197303887457,0.0
1779970563,150,GET,/product/OLJCESPC7Z,1.300000,1.300000,5,5,9,9,11,18,18,18,18,18,18,81,81,6,32.745111940635574,3.25587997213006,1055.5047109955922,0.0
1779970563,150,,Aggregated,87.700000,87.700000,6,7,7,8,9,11,17,24,1100,1100,1100,6031,6031,6,16.158207259046712,2.240507979877293,1094.2321630427614,0.0
1779970565,150,GET,/,64.800000,64.800000,6,7,8,8,11,14,20,31,1100,1100,1100,4600,4600,7,15.637109168481244,2.240507979877293,1094.2321630427614,0.0
1779970565,150,POST,/cart,7.100000,7.100000,6,7,8,8,9,13,14,29,29,29,29,500,500,7,20.804000752745196,2.8912669513374567,1055.4386710282415,0.0
1779970565,150,POST,/cart/checkout,2.900000,2.900000,7,8,8,10,15,16,33,33,33,33,33,239,239,7,13.024617470683975,3.255518968217075,1065.448960987851,0.0
1779970565,150,GET,/product/0PUK6V6EV0,1.900000,1.900000,6,7,8,8,9,9,9,9,9,9,9,91,91,6,30.713066704325623,3.5141260595992208,1071.3147450005636,0.0
1779970565,150,GET,/product/1YMWWN1N4O,1.600000,1.600000,6,6,7,7,9,10,10,10,10,10,10,94,94,6,17.91160161968598,3.0047199688851833,1040.0119059486315,0.0
1779970565,150,GET,/product/2ZYFJ3GM2N,1.000000,1.000000,7,7,8,9,11,11,11,11,11,11,11,87,87,6,19.895087874055594,2.879741950891912,1086.140649043955,0.0
1779970565,150,GET,/product/66VCHSJNUP,1.200000,1.200000,8,8,9,9,11,11,11,11,11,11,11,93,93,6,6.946915489000578,2.8023789636790752,26.857474935241044,0.0
1779970565,150,GET,/product/6E92ZMYYFZ,1.300000,1.300000,4,6,7,7,9,10,10,10,10,10,10,68,68,5,21.921202867387738,2.9571999330073595,1055.0972039345652,0.0
1779970565,150,GET,/product/9SIQT8TOJO,1.700000,1.700000,6,6,7,8,12,17,17,17,17,17,17,88,88,6,6.893324206678451,3.279356984421611,20.901998970657587,0.0
1779970565,150,GET,/product/L9ECAV7KIM,1.800000,1.800000,6,8,8,9,10,10,10,10,10,10,10,86,86,6,6.95677881730114,3.1617910135537386,20.78797295689583,0.0
1779970565,150,GET,/product/LS4PSXUNUM,0.800000,0.800000,6,6,6,8,8,8,8,8,8,8,8,70,70,5,6.912686411357884,3.4266039729118347,41.36197303887457,0.0
1779970565,150,GET,/product/OLJCESPC7Z,1.200000,1.200000,5,5,7,11,13,18,18,18,18,18,18,84,84,6,31.81896212100539,3.25587997213006,1055.5047109955922,0.0
1779970565,150,,Aggregated,87.300000,87.300000,6,7,8,8,10,13,18,30,1100,1100,1100,6100,6100,7,16.090708148387094,2.240507979877293,1094.2321630427614,0.0
1779970566,150,GET,/,64.400000,64.400000,6,7,8,8,10,13,20,45,1100,1100,1100,4671,4671,7,15.71939567623776,2.240507979877293,1094.2321630427614,0.0
1779970566,150,POST,/cart,7.500000,7.500000,7,7,8,8,9,13,14,29,29,29,29,509,509,7,20.54756073544647,2.8912669513374567,1055.4386710282415,0.0
1779970566,150,POST,/cart/checkout,3.100000,3.100000,7,8,8,9,11,16,33,33,33,33,33,244,244,7,12.88916589930791,3.255518968217075,1065.448960987851,0.0
1779970566,150,GET,/product/0PUK6V6EV0,1.400000,1.400000,7,7,8,9,9,9,9,9,9,9,9,92,92,6,30.459961208575606,3.5141260595992208,1071.3147450005636,0.0
1779970566,150,GET,/product/1YMWWN1N4O,1.800000,1.800000,6,6,7,9,9,10,10,10,10,10,10,95,95,6,17.81830917063512,3.0047199688851833,1040.0119059486315,0.0
1779970566,150,GET,/product/2ZYFJ3GM2N,0.900000,0.900000,7,8,9,9,11,11,11,11,11,11,11,88,88,6,19.768496205374092,2.879741950891912,1086.140649043955,0.0
1779970566,150,GET,/product/66VCHSJNUP,1.100000,1.100000,7,7,8,8,9,9,9,9,9,9,9,93,93,6,6.946915489000578,2.8023789636790752,26.857474935241044,0.0
1779970566,150,GET,/product/6E92ZMYYFZ,1.400000,1.400000,4,6,7,8,9,10,10,10,10,10,10,71,71,5,21.22649378930284,2.9571999330073595,1055.0972039345652,0.0
1779970566,150,GET,/product/9SIQT8TOJO,1.800000,1.800000,6,6,6,6,7,12,12,12,12,12,12,88,88,6,6.893324206678451,3.279356984421611,20.901998970657587,0.0
1779970566,150,GET,/product/L9ECAV7KIM,1.800000,1.800000,6,8,8,9,10,10,10,10,10,10,10,87,87,6,6.947729439506757,3.1617910135537386,20.78797295689583,0.0
1779970566,150,GET,/product/LS4PSXUNUM,0.500000,0.500000,6,6,6,8,8,8,8,8,8,8,8,70,70,5,6.912686411357884,3.4266039729118347,41.36197303887457,0.0
1779970566,150,GET,/product/OLJCESPC7Z,1.200000,1.200000,5,7,9,11,13,18,18,18,18,18,18,85,85,6,31.554973789709894,3.25587997213006,1055.5047109955922,0.0
1779970566,150,,Aggregated,86.900000,86.900000,6,7,8,8,10,13,18,31,1100,1100,1100,6193,6193,7,16.11398604518245,2.240507979877293,1094.2321630427614,0.0
1779970567,150,GET,/,63.700000,63.700000,6,7,8,8,10,13,18,31,1100,1100,1100,4727,4727,7,15.601602291392002,2.240507979877293,1094.2321630427614,0.0
1779970567,150,POST,/cart,6.900000,6.900000,6,7,8,8,9,13,14,29,29,29,29,514,514,7,20.40731256052214,2.8912669513374567,1055.4386710282415,0.0
1779970567,150,POST,/cart/checkout,3.000000,3.000000,7,8,8,9,11,16,33,33,33,33,33,250,250,7,12.742012673523277,3.255518968217075,1065.448960987851,0.0
1779970567,150,GET,/product/0PUK6V6EV0,1.300000,1.300000,6,7,7,9,9,9,9,9,9,9,9,93,93,6,30.192906292335643,3.5141260595992208,1071.3147450005636,0.0
1779970567,150,GET,/product/1YMWWN1N4O,1.500000,1.500000,6,7,7,9,9,10,10,10,10,10,10,96,96,6,17.694676387084957,3.0047199688851833,1040.0119059486315,0.0
1779970567,150,GET,/product/2ZYFJ3GM2N,1.000000,1.000000,8,9,9,11,19,19,19,19,19,19,19,89,89,6,19.763949461898694,2.879741950891912,1086.140649043955,0.0
1779970567,150,GET,/product/66VCHSJNUP,0.900000,0.900000,8,8,9,9,9,9,9,9,9,9,9,93,93,6,6.946915489000578,2.8023789636790752,26.857474935241044,0.0
1779970567,150,GET,/product/6E92ZMYYFZ,1.200000,1.200000,4,6,6,7,8,9,9,9,9,9,9,72,72,5,21.013125140194056,2.9571999330073595,1055.0972039345652,0.0
1779970567,150,GET,/product/9SIQT8TOJO,1.500000,1.500000,6,6,6,7,12,12,12,12,12,12,12,90,90,6,6.860025245178905,3.279356984421611,20.901998970657587,0.0
1779970567,150,GET,/product/L9ECAV7KIM,1.800000,1.800000,6,8,8,9,10,10,10,10,10,10,10,88,88,6,6.913350638404319,3.1617910135537386,20.78797295689583,0.0
1779970567,150,GET,/product/LS4PSXUNUM,0.500000,0.500000,6,6,8,8,8,8,8,8,8,8,8,70,70,5,6.912686411357884,3.4266039729118347,41.36197303887457,0.0
1779970567,150,GET,/product/OLJCESPC7Z,1.300000,1.300000,5,6,9,9,11,13,13,13,13,13,13,86,86,6,31.260857036402232,3.25587997213006,1055.5047109955922,0.0
1779970567,150,,Aggregated,84.600000,84.600000,6,7,8,8,10,13,18,30,1100,1100,1100,6268,6268,6,15.99335730840745,2.240507979877293,1094.2321630427614,0.0
1779970568,150,GET,/,64.100000,64.100000,6,7,8,8,10,13,20,45,1100,1100,1100,4800,4800,7,15.69139543438117,2.240507979877293,1094.2321630427614,0.0
1779970568,150,POST,/cart,7.100000,7.100000,6,7,8,8,9,14,14,29,29,29,29,517,517,7,20.336814236429085,2.8912669513374567,1055.4386710282415,0.0
1779970568,150,POST,/cart/checkout,3.500000,3.500000,7,8,8,8,10,15,33,33,33,33,33,254,254,7,12.62048251310906,3.255518968217075,1065.448960987851,0.0
1779970568,150,GET,/product/0PUK6V6EV0,1.200000,1.200000,6,7,7,9,9,9,9,9,9,9,9,94,94,6,29.915297746985278,3.5141260595992208,1071.3147450005636,0.0
1779970568,150,GET,/product/1YMWWN1N4O,1.500000,1.500000,6,7,9,9,10,11,11,11,11,11,11,98,98,6,17.542796767772916,3.0047199688851833,1040.0119059486315,0.0
1779970568,150,GET,/product/2ZYFJ3GM2N,1.100000,1.100000,9,9,11,11,19,19,19,19,19,19,19,89,89,6,19.763949461898694,2.879741950891912,1086.140649043955,0.0
1779970568,150,GET,/product/66VCHSJNUP,0.800000,0.800000,8,9,9,10,10,10,10,10,10,10,10,94,94,6,6.980137271618352,2.8023789636790752,26.857474935241044,0.0
1779970568,150,GET,/product/6E92ZMYYFZ,1.400000,1.400000,4,6,6,7,8,9,9,9,9,9,9,72,72,5,21.013125140194056,2.9571999330073595,1055.0972039345652,0.0
1779970568,150,GET,/product/9SIQT8TOJO,1.400000,1.400000,5,6,6,6,7,12,12,12,12,12,12,95,95,6,6.74536644456614,3.279356984421611,20.901998970657587,0.0
1779970568,150,GET,/product/L9ECAV7KIM,1.800000,1.800000,6,7,8,9,10,10,10,10,10,10,10,89,89,6,6.882044384674577,3.1617910135537386,20.78797295689583,0.0
1779970568,150,GET,/product/LS4PSXUNUM,0.500000,0.500000,4,6,7,7,8,8,8,8,8,8,8,73,73,5,6.833806723254185,3.4266039729118347,41.36197303887457,0.0
1779970568,150,GET,/product/OLJCESPC7Z,1.400000,1.400000,5,6,7,7,9,13,13,13,13,13,13,86,86,6,31.260857036402232,3.25587997213006,1055.5047109955922,0.0
1779970568,150,,Aggregated,85.800000,85.800000,6,7,8,8,10,13,18,31,1100,1100,1100,6361,6361,6,16.02552247275343,2.240507979877293,1094.2321630427614,0.0
1779970569,150,GET,/,62.200000,62.200000,6,7,8,8,10,14,24,31,1100,1100,1100,4862,4862,7,15.602539967656854,2.240507979877293,1094.2321630427614,0.0
1779970569,150,POST,/cart,6.800000,6.800000,7,7,8,8,9,13,14,29,29,29,29,525,525,7,20.14500614920897,2.8912669513374567,1055.4386710282415,0.0
1779970569,150,POST,/cart/checkout,4.000000,4.000000,7,7,8,8,10,15,33,33,33,33,33,255,255,7,12.586838052169803,3.255518968217075,1065.448960987851,0.0
1779970569,150,GET,/product/0PUK6V6EV0,1.000000,1.000000,6,6,7,9,9,9,9,9,9,9,9,95,95,6,29.667704497267934,3.5141260595992208,1071.3147450005636,0.0
1779970569,150,GET,/product/1YMWWN1N4O,1.400000,1.400000,7,9,10,10,11,31,31,31,31,31,31,100,100,6,17.579077902482823,3.0047199688851833,1040.0119059486315,0.0
1779970569,150,GET,/product/2ZYFJ3GM2N,1.100000,1.100000,7,9,9,11,19,19,19,19,19,19,19,90,90,6,19.602541212872083,2.879741950891912,1086.140649043955,0.0
1779970569,150,GET,/product/66VCHSJNUP,0.600000,0.600000,7,9,9,10,10,10,10,10,10,10,10,95,95,6,6.982542636902316,2.8023789636790752,26.857474935241044,0.0
1779970569,150,GET,/product/6E92ZMYYFZ,1.300000,1.300000,4,5,7,7,7,8,8,8,8,8,8,74,74,5,20.59054560959339,2.9571999330073595,1055.0972039345652,0.0
1779970569,150,GET,/product/9SIQT8TOJO,1.400000,1.400000,5,6,6,6,12,20,20,20,20,20,20,96,96,6,6.8868955022480804,3.279356984421611,20.901998970657587,0.0
1779970569,150,GET,/product/L9ECAV7KIM,1.500000,1.500000,7,8,8,9,10,10,10,10,10,10,10,91,91,6,6.899871805856762,3.1617910135537386,20.78797295689583,0.0
1779970569,150,GET,/product/LS4PSXUNUM,0.500000,0.500000,6,7,8,8,8,8,8,8,8,8,8,75,75,6,6.847462011501193,3.4266039729118347,41.36197303887457,0.0
1779970569,150,GET,/product/OLJCESPC7Z,1.500000,1.500000,5,6,7,7,9,13,13,13,13,13,13,86,86,6,31.260857036402232,3.25587997213006,1055.5047109955922,0.0
1779970569,150,,Aggregated,83.300000,83.300000,6,7,8,8,10,14,23,31,1100,1100,1100,6444,6444,6,15.93171248683899,2.240507979877293,1094.2321630427614,0.0
1779970570,150,GET,/,63.700000,63.700000,7,7,8,9,11,16,25,45,1100,1100,1100,4922,4922,7,15.714256783261629,2.240507979877293,1094.2321630427614,0.0
1779970570,150,POST,/cart,6.600000,6.600000,7,8,8,9,10,14,29,37,37,37,37,531,531,7,20.050934821291847,2.8912669513374567,1055.4386710282415,0.0
1779970570,150,POST,/cart/checkout,4.300000,4.300000,7,8,8,8,15,22,33,33,33,33,33,258,258,7,12.61806092405504,3.255518968217075,1065.448960987851,0.0
1779970570,150,GET,/product/0PUK6V6EV0,1.000000,1.000000,6,6,7,9,9,9,9,9,9,9,9,96,96,6,29.40364785778608,3.5141260595992208,1071.3147450005636,0.0
1779970570,150,GET,/product/1YMWWN1N4O,1.600000,1.600000,6,9,9,10,11,31,31,31,31,31,31,101,101,6,17.44588363643662,3.0047199688851833,1040.0119059486315,0.0
1779970570,150,GET,/product/2ZYFJ3GM2N,1.000000,1.000000,9,9,11,11,19,19,19,19,19,19,19,90,90,6,19.602541212872083,2.879741950891912,1086.140649043955,0.0
1779970570,150,GET,/product/66VCHSJNUP,0.500000,0.500000,7,7,9,9,10,10,10,10,10,10,10,96,96,6,6.978636589337839,2.8023789636790752,26.857474935241044,0.0
1779970570,150,GET,/product/6E92ZMYYFZ,1.300000,1.300000,5,6,7,7,8,8,8,8,8,8,8,74,74,5,20.59054560959339,2.9571999330073595,1055.0972039345652,0.0
1779970570,150,GET,/product/9SIQT8TOJO,1.300000,1.300000,5,6,6,6,12,20,20,20,20,20,20,96,96,6,6.8868955022480804,3.279356984421611,20.901998970657587,0.0
1779970570,150,GET,/product/L9ECAV7KIM,1.500000,1.500000,7,8,8,8,10,10,10,10,10,10,10,93,93,6,6.843678359072455,3.1617910135537386,20.78797295689583,0.0
1779970570,150,GET,/product/LS4PSXUNUM,0.700000,0.700000,6,7,8,8,8,8,8,8,8,8,8,76,76,5,6.817867090974591,3.4266039729118347,41.36197303887457,0.0
1779970570,150,GET,/product/OLJCESPC7Z,1.200000,1.200000,5,6,7,9,13,13,13,13,13,13,13,87,87,6,30.955461231220898,3.25587997213006,1055.5047109955922,0.0
1779970570,150,,Aggregated,84.700000,84.700000,7,7,8,9,10,16,25,33,1100,1100,1100,6520,6520,7,15.996875416539591,2.240507979877293,1094.2321630427614,0.0
1779970571,150,GET,/,62.700000,62.700000,7,7,8,9,10,16,24,31,1100,1100,1100,4989,4989,7,15.593292340731457,2.240507979877293,1094.2321630427614,0.0
1779970571,150,POST,/cart,6.700000,6.700000,7,8,9,9,11,14,29,37,37,37,37,539,539,7,19.87275031523983,2.8912669513374567,1055.4386710282415,0.0
1779970571,150,POST,/cart/checkout,3.900000,3.900000,7,8,8,10,16,22,33,33,33,33,33,262,262,7,12.5572960739351,3.255518968217075,1065.448960987851,0.0
1779970571,150,GET,/product/0PUK6V6EV0,0.900000,0.900000,6,6,7,7,9,9,9,9,9,9,9,98,98,6,28.89623905399016,3.5141260595992208,1071.3147450005636,0.0
1779970571,150,GET,/product/1YMWWN1N4O,1.800000,1.800000,6,8,10,10,11,31,31,31,31,31,31,102,102,6,17.31006825781044,3.0047199688851833,1040.0119059486315,0.0
1779970571,150,GET,/product/2ZYFJ3GM2N,0.900000,0.900000,6,8,9,9,11,19,19,19,19,19,19,95,95,6,18.90038181169841,2.879741950891912,1086.140649043955,0.0
1779970571,150,GET,/product/66VCHSJNUP,0.500000,0.500000,7,7,9,9,10,10,10,10,10,10,10,97,97,6,6.979173593002266,2.8023789636790752,26.857474935241044,0.0
1779970571,150,GET,/product/6E92ZMYYFZ,1.500000,1.500000,6,6,7,7,8,8,8,8,8,8,8,75,75,6,20.395338440624375,2.9571999330073595,1055.0972039345652,0.0
1779970571,150,GET,/product/9SIQT8TOJO,1.400000,1.400000,6,6,6,6,12,20,20,20,20,20,20,96,96,6,6.8868955022480804,3.279356984421611,20.901998970657587,0.0
1779970571,150,GET,/product/L9ECAV7KIM,1.500000,1.500000,6,8,8,8,10,10,10,10,10,10,10,96,96,6,6.813758775630656,3.1617910135537386,20.78797295689583,0.0
1779970571,150,GET,/product/LS4PSXUNUM,0.700000,0.700000,6,7,8,8,8,8,8,8,8,8,8,76,76,5,6.817867090974591,3.4266039729118347,41.36197303887457,0.0
1779970571,150,GET,/product/OLJCESPC7Z,1.100000,1.100000,5,6,7,9,13,13,13,13,13,13,13,87,87,6,30.955461231220898,3.25587997213006,1055.5047109955922,0.0
1779970571,150,,Aggregated,83.600000,83.600000,7,7,8,9,10,16,24,31,1100,1100,1100,6612,6612,7,15.868501240043596,2.240507979877293,1094.2321630427614,0.0
1779970572,150,GET,/,62.700000,62.700000,7,7,8,9,10,15,24,45,1100,1100,1100,5047,5047,7,15.692037068549503,2.240507979877293,1094.2321630427614,0.0
1779970572,150,POST,/cart,6.700000,6.700000,7,8,9,9,11,19,29,37,37,37,37,547,547,7,19.685194120611282,2.8912669513374567,1055.4386710282415,0.0
1779970572,150,POST,/cart/checkout,3.900000,3.900000,7,8,8,9,15,17,22,22,22,22,22,267,267,7,12.462549582158637,3.255518968217075,1065.448960987851,0.0
1779970572,150,GET,/product/0PUK6V6EV0,0.900000,0.900000,6,6,7,9,9,9,9,9,9,9,9,98,98,6,28.89623905399016,3.5141260595992208,1071.3147450005636,0.0
1779970572,150,GET,/product/1YMWWN1N4O,1.800000,1.800000,8,9,10,11,31,31,31,31,31,31,31,103,103,6,17.18025938133049,3.0047199688851833,1040.0119059486315,0.0
1779970572,150,GET,/product/2ZYFJ3GM2N,0.900000,0.900000,6,8,9,9,11,19,19,19,19,19,19,95,95,6,18.90038181169841,2.879741950891912,1086.140649043955,0.0
1779970572,150,GET,/product/66VCHSJNUP,0.500000,0.500000,7,7,9,9,10,10,10,10,10,10,10,97,97,6,6.979173593002266,2.8023789636790752,26.857474935241044,0.0
1779970572,150,GET,/product/6E92ZMYYFZ,1.500000,1.500000,6,7,7,7,8,8,8,8,8,8,8,77,77,6,20.01322096201603,2.9571999330073595,1055.0972039345652,0.0
1779970572,150,GET,/product/9SIQT8TOJO,1.400000,1.400000,5,6,6,6,6,20,20,20,20,20,20,98,98,6,6.854911167317127,3.279356984421611,20.901998970657587,0.0
1779970572,150,GET,/product/L9ECAV7KIM,1.500000,1.500000,6,8,8,8,8,9,9,9,9,9,9,96,96,6,6.813758775630656,3.1617910135537386,20.78797295689583,0.0
1779970572,150,GET,/product/LS4PSXUNUM,0.700000,0.700000,5,6,7,7,8,8,8,8,8,8,8,77,77,5,6.785195440283747,3.4266039729118347,41.36197303887457,0.0
1779970572,150,GET,/product/OLJCESPC7Z,1.100000,1.100000,6,8,9,9,13,13,13,13,13,13,13,88,88,6,30.69943855834109,3.25587997213006,1055.5047109955922,0.0
1779970572,150,,Aggregated,83.600000,83.600000,7,7,8,9,10,15,24,31,1100,1100,1100,6690,6690,7,15.912983266748794,2.240507979877293,1094.2321630427614,0.0
1779970573,150,GET,/,63.200000,63.200000,7,7,8,9,10,17,24,30,1100,1100,1100,5119,5119,7,15.578664550492237,2.240507979877293,1094.2321630427614,0.0
1779970573,150,POST,/cart,6.900000,6.900000,7,8,8,9,11,19,29,37,37,37,37,552,552,7,19.56749495803851,2.8912669513374567,1055.4386710282415,0.0
1779970573,150,POST,/cart/checkout,3.800000,3.800000,7,8,8,9,15,17,22,22,22,22,22,272,272,7,12.339234666261987,3.255518968217075,1065.448960987851,0.0
1779970573,150,GET,/product/0PUK6V6EV0,1.200000,1.200000,6,6,7,9,9,9,9,9,9,9,9,98,98,6,28.89623905399016,3.5141260595992208,1071.3147450005636,0.0
1779970573,150,GET,/product/1YMWWN1N4O,1.400000,1.400000,8,9,11,11,16,31,31,31,31,31,31,105,105,6,17.045682402593748,3.0047199688851833,1040.0119059486315,0.0
1779970573,150,GET,/product/2ZYFJ3GM2N,1.300000,1.300000,6,8,9,9,11,19,19,19,19,19,19,96,96,6,18.766900345023412,2.879741950891912,1086.140649043955,0.0
1779970573,150,GET,/product/66VCHSJNUP,0.600000,0.600000,7,7,9,9,10,10,10,10,10,10,10,98,98,6,6.976359209036264,2.8023789636790752,26.857474935241044,0.0
1779970573,150,GET,/product/6E92ZMYYFZ,1.100000,1.100000,6,7,7,7,8,8,8,8,8,8,8,77,77,6,20.01322096201603,2.9571999330073595,1055.0972039345652,0.0
1779970573,150,GET,/product/9SIQT8TOJO,1.300000,1.300000,5,5,6,6,6,20,20,20,20,20,20,101,101,6,6.790526578949746,3.279356984421611,20.901998970657587,0.0
1779970573,150,GET,/product/L9ECAV7KIM,1.900000,1.900000,6,7,8,8,8,8,8,8,8,8,8,97,97,6,6.788974447828746,3.1617910135537386,20.78797295689583,0.0
1779970573,150,GET,/product/LS4PSXUNUM,0.800000,0.800000,4,5,6,7,8,8,8,8,8,8,8,78,78,5,6.747855203381429,3.4266039729118347,41.36197303887457,0.0
1779970573,150,GET,/product/OLJCESPC7Z,1.000000,1.000000,6,8,9,9,13,13,13,13,13,13,13,89,89,6,30.404355843928172,3.25587997213006,1055.5047109955922,0.0
1779970573,150,,Aggregated,84.500000,84.500000,7,7,8,9,10,16,23,30,1100,1100,1100,6782,6782,7,15.796130741840662,2.240507979877293,1094.2321630427614,0.0
1779970574,150,GET,/,62.400000,62.400000,7,7,8,8,10,13,22,27,1100,1100,1100,5180,5180,7,15.67509554153035,2.240507979877293,1094.2321630427614,0.0
1779970574,150,POST,/cart,6.900000,6.900000,7,8,9,9,11,12,19,37,37,37,37,560,560,7,19.41688005359278,2.8912669513374567,1055.4386710282415,0.0
1779970574,150,POST,/cart/checkout,3.800000,3.800000,7,8,8,8,10,17,22,22,22,22,22,276,276,7,12.260590018569559,3.255518968217075,1065.448960987851,0.0
1779970574,150,GET,/product/0PUK6V6EV0,1.000000,1.000000,6,6,6,6,7,7,7,7,7,7,7,99,99,6,28.66244660996164,3.5141260595992208,1071.3147450005636,0.0
1779970574,150,GET,/product/1YMWWN1N4O,1.300000,1.300000,8,9,11,11,16,31,31,31,31,31,31,106,106,6,16.92096503969844,3.0047199688851833,1040.0119059486315,0.0
1779970574,150,GET,/product/2ZYFJ3GM2N,1.100000,1.100000,6,8,8,9,19,19,19,19,19,19,19,96,96,6,18.766900345023412,2.879741950891912,1086.140649043955,0.0
1779970574,150,GET,/product/66VCHSJNUP,0.600000,0.600000,7,7,9,9,10,10,10,10,10,10,10,99,99,6,6.966398884260068,2.8023789636790752,26.857474935241044,0.0
1779970574,150,GET,/product/6E92ZMYYFZ,1.200000,1.200000,6,7,7,7,7,8,8,8,8,8,8,80,80,6,19.495079715852626,2.9571999330073595,1055.0972039345652,0.0
1779970574,150,GET,/product/9SIQT8TOJO,1.400000,1.400000,5,5,6,6,7,20,20,20,20,20,20,102,102,6,6.789915260228821,3.279356984421611,20.901998970657587,0.0
1779970574,150,GET,/product/L9ECAV7KIM,1.400000,1.400000,5,6,7,7,8,8,8,8,8,8,8,97,97,6,6.788974447828746,3.1617910135537386,20.78797295689583,0.0
1779970574,150,GET,/product/LS4PSXUNUM,0.800000,0.800000,4,5,6,7,8,8,8,8,8,8,8,78,78,5,6.747855203381429,3.4266039729118347,41.36197303887457,0.0
1779970574,150,GET,/product/OLJCESPC7Z,1.000000,1.000000,6,8,8,9,9,9,9,9,9,9,9,89,89,6,30.404355843928172,3.25587997213006,1055.5047109955922,0.0
1779970574,150,,Aggregated,82.900000,82.900000,7,7,8,8,10,12,22,27,1100,1100,1100,6862,6862,7,15.843762699321903,2.240507979877293,1094.2321630427614,0.0
1779970575,150,GET,/,63.700000,63.700000,7,7,8,9,10,13,22,25,1100,1100,1100,5244,5244,7,15.56981683643105,2.240507979877293,1094.2321630427614,0.0
1779970575,150,POST,/cart,6.300000,6.300000,7,8,9,9,11,12,19,37,37,37,37,565,565,7,19.294312194533713,2.8912669513374567,1055.4386710282415,0.0
1779970575,150,POST,/cart/checkout,3.900000,3.900000,6,7,8,8,10,17,22,22,22,22,22,283,283,7,12.105391392905542,3.255518968217075,1065.448960987851,0.0
1779970575,150,GET,/product/0PUK6V6EV0,1.000000,1.000000,4,5,6,6,6,6,6,6,6,6,6,101,101,6,28.16583761728673,3.5141260595992208,1071.3147450005636,0.0
1779970575,150,GET,/product/1YMWWN1N4O,1.200000,1.200000,7,8,11,11,16,31,31,31,31,31,31,107,107,6,16.83080463700658,3.0047199688851833,1040.0119059486315,0.0
1779970575,150,GET,/product/2ZYFJ3GM2N,1.200000,1.200000,6,8,8,8,19,19,19,19,19,19,19,96,96,6,18.766900345023412,2.879741950891912,1086.140649043955,0.0
1779970575,150,GET,/product/66VCHSJNUP,0.700000,0.700000,7,7,7,7,10,10,10,10,10,10,10,101,101,6,6.939981342523848,2.8023789636790752,26.857474935241044,0.0
1779970575,150,GET,/product/6E92ZMYYFZ,1.000000,1.000000,7,7,7,7,9,10,10,10,10,10,10,83,83,6,19.067650917547205,2.9571999330073595,1055.0972039345652,0.0
1779970575,150,GET,/product/9SIQT8TOJO,1.500000,1.500000,5,6,6,6,7,20,20,20,20,20,20,103,103,6,6.781438336192259,3.279356984421611,20.901998970657587,0.0
1779970575,150,GET,/product/L9ECAV7KIM,1.500000,1.500000,5,7,7,7,8,8,8,8,8,8,8,98,98,6,6.79065216788832,3.1617910135537386,20.78797295689583,0.0
1779970575,150,GET,/product/LS4PSXUNUM,0.900000,0.900000,6,6,7,8,9,9,9,9,9,9,9,80,80,5,6.765287798771169,3.4266039729118347,41.36197303887457,0.0
1779970575,150,GET,/product/OLJCESPC7Z,0.900000,0.900000,5,6,6,8,8,8,8,8,8,8,8,90,90,6,30.120174813136046,3.25587997213006,1055.5047109955922,0.0
1779970575,150,,Aggregated,83.800000,83.800000,7,7,8,9,10,13,21,25,1100,1100,1100,6951,6951,7,15.727530388849413,2.240507979877293,1094.2321630427614,0.0
1779970576,150,GET,/,63.200000,63.200000,7,8,8,9,10,13,22,27,1100,1100,1100,5312,5312,7,15.659950106121222,2.240507979877293,1094.2321630427614,0.0
1779970576,150,POST,/cart,6.400000,6.400000,7,8,9,9,11,12,19,37,37,37,37,571,571,7,19.157659581490513,2.8912669513374567,1055.4386710282415,0.0
1779970576,150,POST,/cart/checkout,3.900000,3.900000,7,7,8,8,10,17,22,22,22,22,22,284,284,7,12.090767856316745,3.255518968217075,1065.448960987851,0.0
1779970576,150,GET,/product/0PUK6V6EV0,0.800000,0.800000,4,4,5,6,6,6,6,6,6,6,6,103,103,6,27.692499750257625,3.5141260595992208,1071.3147450005636,0.0
1779970576,150,GET,/product/1YMWWN1N4O,1.200000,1.200000,6,8,10,11,16,31,31,31,31,31,31,109,109,6,16.619414038776736,3.0047199688851833,1040.0119059486315,0.0
1779970576,150,GET,/product/2ZYFJ3GM2N,1.100000,1.100000,6,8,8,8,19,19,19,19,19,19,19,96,96,6,18.766900345023412,2.879741950891912,1086.140649043955,0.0
1779970576,150,GET,/product/66VCHSJNUP,0.600000,0.600000,7,7,7,8,10,10,10,10,10,10,10,102,102,6,6.950960369031949,2.8023789636790752,26.857474935241044,0.0
1779970576,150,GET,/product/6E92ZMYYFZ,1.200000,1.200000,7,7,7,9,10,13,13,13,13,13,13,85,85,6,18.83213301326203,2.9571999330073595,1055.0972039345652,0.0
1779970576,150,GET,/product/9SIQT8TOJO,1.500000,1.500000,5,6,7,8,9,20,20,20,20,20,20,105,105,6,6.81208578781003,3.279356984421611,20.901998970657587,0.0
1779970576,150,GET,/product/L9ECAV7KIM,1.300000,1.300000,6,7,7,8,8,8,8,8,8,8,8,98,98,6,6.79065216788832,3.1617910135537386,20.78797295689583,0.0
1779970576,150,GET,/product/LS4PSXUNUM,0.800000,0.800000,6,6,7,7,8,9,9,9,9,9,9,82,82,5,6.75590307218954,3.4266039729118347,41.36197303887457,0.0
1779970576,150,GET,/product/OLJCESPC7Z,0.800000,0.800000,6,8,8,8,12,12,12,12,12,12,12,93,93,6,29.42547479879752,3.25587997213006,1055.5047109955922,0.0
1779970576,150,,Aggregated,82.800000,82.800000,7,8,8,9,10,13,22,27,1100,1100,1100,7040,7040,7,15.767749728084626,2.240507979877293,1094.2321630427614,0.0
1779970577,150,GET,/,63.200000,63.200000,7,8,8,9,10,13,23,27,1100,1100,1100,5370,5370,7,15.578089583165653,2.240507979877293,1094.2321630427614,0.0
1779970577,150,POST,/cart,6.400000,6.400000,7,8,9,10,11,17,24,37,37,37,37,582,582,7,18.980916309461662,2.8912669513374567,1055.4386710282415,0.0
1779970577,150,POST,/cart/checkout,3.900000,3.900000,7,8,8,9,16,19,22,22,22,22,22,287,287,7,12.088016004509289,3.255518968217075,1065.448960987851,0.0
1779970577,150,GET,/product/0PUK6V6EV0,0.800000,0.800000,4,4,5,6,6,6,6,6,6,6,6,103,103,6,27.692499750257625,3.5141260595992208,1071.3147450005636,0.0
1779970577,150,GET,/product/1YMWWN1N4O,1.200000,1.200000,6,7,8,9,16,31,31,31,31,31,31,111,111,6,16.454879758745296,3.0047199688851833,1040.0119059486315,0.0
1779970577,150,GET,/product/2ZYFJ3GM2N,1.100000,1.100000,6,7,8,8,8,8,8,8,8,8,8,97,97,6,18.644068414134157,2.879741950891912,1086.140649043955,0.0
1779970577,150,GET,/product/66VCHSJNUP,0.600000,0.600000,7,7,7,8,8,8,8,8,8,8,8,103,103,6,6.958791015226647,2.8023789636790752,26.857474935241044,0.0
1779970577,150,GET,/product/6E92ZMYYFZ,1.200000,1.200000,7,7,9,9,10,13,13,13,13,13,13,86,86,6,18.715644688453786,2.9571999330073595,1055.0972039345652,0.0
1779970577,150,GET,/product/9SIQT8TOJO,1.500000,1.500000,6,6,7,8,9,20,20,20,20,20,20,107,107,6,6.7874017175913695,3.279356984421611,20.901998970657587,0.0
1779970577,150,GET,/product/L9ECAV7KIM,1.300000,1.300000,6,7,8,8,8,9,9,9,9,9,9,100,100,6,6.800537065137178,3.1617910135537386,20.78797295689583,0.0
1779970577,150,GET,/product/LS4PSXUNUM,0.800000,0.800000,6,6,7,8,9,9,9,9,9,9,9,83,83,5,6.729989287342472,3.4266039729118347,41.36197303887457,0.0
1779970577,150,GET,/product/OLJCESPC7Z,0.800000,0.800000,6,8,8,8,12,12,12,12,12,12,12,93,93,6,29.42547479879752,3.25587997213006,1055.5047109955922,0.0
1779970577,150,,Aggregated,82.800000,82.800000,7,8,8,9,10,13,22,27,1100,1100,1100,7122,7122,7,15.681768265357714,2.240507979877293,1094.2321630427614,0.0
1779970578,150,GET,/,63.600000,63.600000,7,8,8,9,10,13,22,30,1100,1100,1100,5439,5439,7,15.665797842276957,2.240507979877293,1094.2321630427614,0.0
1779970578,150,POST,/cart,6.100000,6.100000,7,8,9,10,11,17,24,37,37,37,37,588,588,7,18.859840458897292,2.8912669513374567,1055.4386710282415,0.0
1779970578,150,POST,/cart/checkout,4.000000,4.000000,7,8,8,9,16,19,22,22,22,22,22,289,289,7,12.050631496359218,3.255518968217075,1065.448960987851,0.0
1779970578,150,GET,/product/0PUK6V6EV0,1.100000,1.100000,4,5,6,6,11,11,11,11,11,11,11,104,104,6,27.53385342657566,3.5141260595992208,1071.3147450005636,0.0
1779970578,150,GET,/product/1YMWWN1N4O,1.400000,1.400000,6,6,9,9,10,16,16,16,16,16,16,112,112,6,16.39770101090627,3.0047199688851833,1040.0119059486315,0.0
1779970578,150,GET,/product/2ZYFJ3GM2N,0.800000,0.800000,6,6,7,8,8,8,8,8,8,8,8,98,98,6,18.498743828433586,2.879741950891912,1086.140649043955,0.0
1779970578,150,GET,/product/66VCHSJNUP,0.800000,0.800000,7,7,7,8,8,8,8,8,8,8,8,104,104,6,6.9312423987027545,2.8023789636790752,26.857474935241044,0.0
1779970578,150,GET,/product/6E92ZMYYFZ,1.400000,1.400000,6,7,7,9,10,13,13,13,13,13,13,89,89,6,18.252799430014463,2.9571999330073595,1055.0972039345652,0.0
1779970578,150,GET,/product/9SIQT8TOJO,1.700000,1.700000,6,6,7,7,9,20,20,20,20,20,20,109,109,6,6.763409905417592,3.279356984421611,20.901998970657587,0.0
1779970578,150,GET,/product/L9ECAV7KIM,1.100000,1.100000,6,6,7,7,9,9,9,9,9,9,9,101,101,6,6.7717151135427525,3.1617910135537386,20.78797295689583,0.0
1779970578,150,GET,/product/LS4PSXUNUM,1.200000,1.200000,5,6,6,7,9,9,9,9,9,9,9,84,84,5,6.717444415525755,3.4266039729118347,41.36197303887457,0.0
1779970578,150,GET,/product/OLJCESPC7Z,0.800000,0.800000,8,8,8,11,12,12,12,12,12,12,12,96,96,6,28.770964013043947,3.25587997213006,1055.5047109955922,0.0
1779970578,150,,Aggregated,84.000000,84.000000,7,8,8,9,10,13,22,25,1100,1100,1100,7213,7213,7,15.719425268577117,2.240507979877293,1094.2321630427614,0.0
1779970579,150,GET,/,64.500000,64.500000,7,8,8,9,10,12,21,25,1100,1100,1100,5503,5503,7,15.553359642793078,2.240507979877293,1094.2321630427614,0.0
1779970579,150,POST,/cart,6.900000,6.900000,7,8,9,9,11,12,19,24,24,24,24,594,594,7,18.73031930950147,2.8912669513374567,1055.4386710282415,0.0
1779970579,150,POST,/cart/checkout,3.700000,3.700000,7,8,8,8,9,17,19,19,19,19,19,293,293,7,11.9729469845758,3.255518968217075,1065.448960987851,0.0
1779970579,150,GET,/product/0PUK6V6EV0,1.000000,1.000000,4,4,5,6,11,11,11,11,11,11,11,104,104,6,27.53385342657566,3.5141260595992208,1071.3147450005636,0.0
1779970579,150,GET,/product/1YMWWN1N4O,1.500000,1.500000,6,7,8,9,10,16,16,16,16,16,16,115,115,6,16.116755888999805,3.0047199688851833,1040.0119059486315,0.0
1779970579,150,GET,/product/2ZYFJ3GM2N,0.800000,0.800000,6,6,7,8,8,8,8,8,8,8,8,99,99,6,18.363916669087956,2.879741950891912,1086.140649043955,0.0
1779970579,150,GET,/product/66VCHSJNUP,1.000000,1.000000,7,7,7,8,8,8,8,8,8,8,8,105,105,6,6.929735880389455,2.8023789636790752,26.857474935241044,0.0
1779970579,150,GET,/product/6E92ZMYYFZ,1.400000,1.400000,6,7,9,9,10,13,13,13,13,13,13,90,90,6,18.116643957586753,2.9571999330073595,1055.0972039345652,0.0
1779970579,150,GET,/product/9SIQT8TOJO,1.700000,1.700000,6,6,6,7,8,9,9,9,9,9,9,109,109,6,6.763409905417592,3.279356984421611,20.901998970657587,0.0
1779970579,150,GET,/product/L9ECAV7KIM,1.200000,1.200000,6,6,7,7,9,9,9,9,9,9,9,102,102,6,6.749001466303918,3.1617910135537386,20.78797295689583,0.0
1779970579,150,GET,/product/LS4PSXUNUM,1.300000,1.300000,6,6,6,6,7,9,9,9,9,9,9,86,86,6,6.699860312564429,3.4266039729118347,41.36197303887457,0.0
1779970579,150,GET,/product/OLJCESPC7Z,0.700000,0.700000,6,8,8,8,11,12,12,12,12,12,12,97,97,6,28.525837271032643,3.25587997213006,1055.5047109955922,0.0
1779970579,150,,Aggregated,85.700000,85.700000,7,7,8,9,10,12,19,24,1100,1100,1100,7297,7297,7,15.607225015691569,2.240507979877293,1094.2321630427614,0.0
1779970580,150,GET,/,63.700000,63.700000,7,7,8,9,10,13,21,25,1100,1100,1100,5563,5563,7,15.45531716449352,2.240507979877293,1094.2321630427614,0.0
1779970580,150,POST,/cart,6.800000,6.800000,7,8,9,9,10,11,17,24,24,24,24,604,604,7,18.525529686563544,2.8912669513374567,1055.4386710282415,0.0
1779970580,150,POST,/cart/checkout,3.500000,3.500000,7,8,8,8,9,10,19,19,19,19,19,294,294,7,11.960950086517323,3.255518968217075,1065.448960987851,0.0
1779970580,150,GET,/product/0PUK6V6EV0,1.000000,1.000000,4,5,6,6,6,11,11,11,11,11,11,106,106,6,27.10703468248951,3.5141260595992208,1071.3147450005636,0.0
1779970580,150,GET,/product/1YMWWN1N4O,1.400000,1.400000,6,7,7,8,10,16,16,16,16,16,16,119,119,6,15.768155943751022,3.0047199688851833,1040.0119059486315,0.0
1779970580,150,GET,/product/2ZYFJ3GM2N,0.900000,0.900000,6,7,7,7,8,8,8,8,8,8,8,101,101,6,18.122002210394285,2.879741950891912,1086.140649043955,0.0
1779970580,150,GET,/product/66VCHSJNUP,1.000000,1.000000,6,7,7,7,8,8,8,8,8,8,8,109,109,6,6.852929984484244,2.8023789636790752,26.857474935241044,0.0
1779970580,150,GET,/product/6E92ZMYYFZ,1.700000,1.700000,7,7,9,9,13,40,40,40,40,40,40,93,93,6,18.089769946371195,2.9571999330073595,1055.0972039345652,0.0
1779970580,150,GET,/product/9SIQT8TOJO,1.600000,1.600000,6,6,6,6,8,9,9,9,9,9,9,112,112,6,6.725386166570908,3.279356984421611,20.901998970657587,0.0
1779970580,150,GET,/product/L9ECAV7KIM,1.200000,1.200000,6,6,7,7,9,9,9,9,9,9,9,102,102,6,6.749001466303918,3.1617910135537386,20.78797295689583,0.0
1779970580,150,GET,/product/LS4PSXUNUM,1.100000,1.100000,6,6,7,7,9,10,10,10,10,10,10,87,87,6,6.736522699684847,3.4266039729118347,41.36197303887457,0.0
1779970580,150,GET,/product/OLJCESPC7Z,1.000000,1.000000,7,8,8,8,11,12,12,12,12,12,12,99,99,6,28.062027478073205,3.25587997213006,1055.5047109955922,0.0
1779970580,150,,Aggregated,84.900000,84.900000,6,7,8,9,10,12,20,24,1100,1100,1100,7389,7389,7,15.495889114608213,2.240507979877293,1094.2321630427614,0.0
1779970581,150,GET,/,63.900000,63.900000,6,7,8,9,10,13,21,25,1100,1100,1100,5632,5632,7,15.525661209659864,2.240507979877293,1094.2321630427614,0.0
1779970581,150,POST,/cart,6.900000,6.900000,7,8,8,9,10,11,17,24,24,24,24,613,613,7,18.338065764594816,2.8912669513374567,1055.4386710282415,0.0
1779970581,150,POST,/cart/checkout,3.800000,3.800000,7,8,8,8,8,10,19,19,19,19,19,299,299,7,11.873283205837335,3.255518968217075,1065.448960987851,0.0
1779970581,150,GET,/product/0PUK6V6EV0,0.900000,0.900000,4,6,6,9,11,11,11,11,11,11,11,107,107,6,26.934949471180058,3.5141260595992208,1071.3147450005636,0.0
1779970581,150,GET,/product/1YMWWN1N4O,1.500000,1.500000,6,7,8,8,10,16,16,16,16,16,16,122,122,6,15.506568601446562,3.0047199688851833,1040.0119059486315,0.0
1779970581,150,GET,/product/2ZYFJ3GM2N,0.900000,0.900000,5,6,6,7,7,7,7,7,7,7,7,104,104,6,17.714488290948793,2.879741950891912,1086.140649043955,0.0
1779970581,150,GET,/product/66VCHSJNUP,1.000000,1.000000,6,6,7,7,8,8,8,8,8,8,8,109,109,6,6.852929984484244,2.8023789636790752,26.857474935241044,0.0
1779970581,150,GET,/product/6E92ZMYYFZ,1.600000,1.600000,7,7,9,9,13,40,40,40,40,40,40,93,93,6,18.089769946371195,2.9571999330073595,1055.0972039345652,0.0
1779970581,150,GET,/product/9SIQT8TOJO,1.300000,1.300000,6,6,7,7,9,9,9,9,9,9,9,114,114,6,6.734379724468709,3.279356984421611,20.901998970657587,0.0
1779970581,150,GET,/product/L9ECAV7KIM,1.100000,1.100000,6,7,8,8,9,9,9,9,9,9,9,105,105,6,6.759691433537574,3.1617910135537386,20.78797295689583,0.0
1779970581,150,GET,/product/LS4PSXUNUM,1.100000,1.100000,6,6,7,7,9,10,10,10,10,10,10,88,88,6,6.717148464469409,3.4266039729118347,41.36197303887457,0.0
1779970581,150,GET,/product/OLJCESPC7Z,1.100000,1.100000,6,7,8,8,11,12,12,12,12,12,12,103,103,6,27.162933157015484,3.25587997213006,1055.5047109955922,0.0
1779970581,150,,Aggregated,85.100000,85.100000,6,7,8,9,10,12,20,24,1100,1100,1100,7489,7489,6,15.50857440413618,2.240507979877293,1094.2321630427614,0.0
1779970582,150,GET,/,63.800000,63.800000,7,7,8,9,10,13,21,30,1100,1100,1100,5691,5691,7,15.447459952146282,2.240507979877293,1094.2321630427614,0.0
1779970582,150,POST,/cart,7.200000,7.200000,6,8,8,9,11,12,17,24,24,24,24,627,627,7,18.079549808127947,2.8912669513374567,1055.4386710282415,0.0
1779970582,150,POST,/cart/checkout,3.600000,3.600000,7,8,8,8,9,10,19,19,19,19,19,301,301,7,11.82499204172855,3.255518968217075,1065.448960987851,0.0
1779970582,150,GET,/product/0PUK6V6EV0,1.100000,1.100000,5,6,6,9,11,11,11,11,11,11,11,108,108,6,26.727349272092667,3.5141260595992208,1071.3147450005636,0.0
1779970582,150,GET,/product/1YMWWN1N4O,1.800000,1.800000,6,7,8,8,9,10,10,10,10,10,10,124,124,6,15.359657777157883,3.0047199688851833,1040.0119059486315,0.0
1779970582,150,GET,/product/2ZYFJ3GM2N,1.100000,1.100000,5,6,6,7,7,7,7,7,7,7,7,105,105,6,17.58733149728782,2.879741950891912,1086.140649043955,0.0
1779970582,150,GET,/product/66VCHSJNUP,1.100000,1.100000,6,6,7,7,8,8,8,8,8,8,8,109,109,6,6.852929984484244,2.8023789636790752,26.857474935241044,0.0
1779970582,150,GET,/product/6E92ZMYYFZ,1.900000,1.900000,7,8,9,9,13,40,40,40,40,40,40,93,93,6,18.089769946371195,2.9571999330073595,1055.0972039345652,0.0
1779970582,150,GET,/product/9SIQT8TOJO,1.500000,1.500000,6,6,7,8,9,9,9,9,9,9,9,116,116,6,6.698148039065237,3.279356984421611,20.901998970657587,0.0
1779970582,150,GET,/product/L9ECAV7KIM,0.900000,0.900000,6,7,8,8,9,9,9,9,9,9,9,105,105,6,6.759691433537574,3.1617910135537386,20.78797295689583,0.0
1779970582,150,GET,/product/LS4PSXUNUM,1.100000,1.100000,6,6,7,8,9,10,10,10,10,10,10,90,90,6,6.7107110879280505,3.4266039729118347,41.36197303887457,0.0
1779970582,150,GET,/product/OLJCESPC7Z,1.200000,1.200000,6,7,8,8,11,12,12,12,12,12,12,103,103,6,27.162933157015484,3.25587997213006,1055.5047109955922,0.0
1779970582,150,,Aggregated,86.300000,86.300000,6,7,8,9,10,12,19,30,1100,1100,1100,7572,7572,6,15.4202763965069,2.240507979877293,1094.2321630427614,0.0
1779970583,150,GET,/,63.900000,63.900000,6,7,8,9,10,13,21,30,1100,1100,1100,5753,5753,7,15.348966288594498,2.240507979877293,1094.2321630427614,0.0
1779970583,150,POST,/cart,7.500000,7.500000,6,7,8,9,10,15,24,1000,1000,1000,1000,633,633,7,19.574787024677825,2.8912669513374567,1055.4386710282415,0.0
1779970583,150,POST,/cart/checkout,3.600000,3.600000,7,8,8,8,10,14,19,19,19,19,19,305,305,7,11.784231562747575,3.255518968217075,1065.448960987851,0.0
1779970583,150,GET,/product/0PUK6V6EV0,0.900000,0.900000,4,5,6,9,11,11,11,11,11,11,11,108,108,6,26.727349272092667,3.5141260595992208,1071.3147450005636,0.0
1779970583,150,GET,/product/1YMWWN1N4O,2.000000,2.000000,6,7,8,8,9,10,10,10,10,10,10,124,124,6,15.359657777157883,3.0047199688851833,1040.0119059486315,0.0
1779970583,150,GET,/product/2ZYFJ3GM2N,0.900000,0.900000,5,6,6,6,7,7,7,7,7,7,7,106,106,6,17.47842942680812,2.879741950891912,1086.140649043955,0.0
1779970583,150,GET,/product/66VCHSJNUP,1.200000,1.200000,6,6,7,7,8,8,8,8,8,8,8,111,111,6,6.83026625523092,2.8023789636790752,26.857474935241044,0.0
1779970583,150,GET,/product/6E92ZMYYFZ,1.800000,1.800000,6,9,9,10,13,40,40,40,40,40,40,93,93,6,18.089769946371195,2.9571999330073595,1055.0972039345652,0.0
1779970583,150,GET,/product/9SIQT8TOJO,1.800000,1.800000,6,6,7,7,9,9,9,9,9,9,9,118,118,6,6.676695597657965,3.279356984421611,20.901998970657587,0.0
1779970583,150,GET,/product/L9ECAV7KIM,0.800000,0.800000,6,7,8,8,8,9,9,9,9,9,9,108,108,6,6.723429699411133,3.1617910135537386,20.78797295689583,0.0
1779970583,150,GET,/product/LS4PSXUNUM,1.200000,1.200000,6,6,8,8,9,10,10,10,10,10,10,90,90,6,6.7107110879280505,3.4266039729118347,41.36197303887457,0.0
1779970583,150,GET,/product/OLJCESPC7Z,1.600000,1.600000,6,7,8,9,11,12,12,12,12,12,12,104,104,6,26.984010675313094,3.25587997213006,1055.5047109955922,0.0
1779970583,150,,Aggregated,87.200000,87.200000,6,7,8,9,10,13,19,30,1100,1100,1100,7653,7653,6,15.457505348502254,2.240507979877293,1094.2321630427614,0.0
1779970584,150,GET,/,63.800000,63.800000,6,7,8,8,10,13,21,30,1100,1100,1100,5818,5818,7,15.250331496792802,2.240507979877293,1094.2321630427614,0.0
1779970584,150,POST,/cart,7.900000,7.900000,7,8,8,9,12,17,24,1000,1000,1000,1000,642,642,7,19.422100849828258,2.8912669513374567,1055.4386710282415,0.0
1779970584,150,POST,/cart/checkout,3.300000,3.300000,7,8,8,8,9,14,19,19,19,19,19,309,309,7,11.695314500508017,3.255518968217075,1065.448960987851,0.0
1779970584,150,GET,/product/0PUK6V6EV0,1.000000,1.000000,6,6,7,9,11,11,11,11,11,11,11,111,111,6,26.1684200655132,3.5141260595992208,1071.3147450005636,0.0
1779970584,150,GET,/product/1YMWWN1N4O,2.100000,2.100000,6,7,8,8,9,10,10,10,10,10,10,125,125,6,15.268453754484653,3.0047199688851833,1040.0119059486315,0.0
1779970584,150,GET,/product/2ZYFJ3GM2N,1.000000,1.000000,5,6,6,7,7,11,11,11,11,11,11,109,109,6,17.18036393814404,2.879741950891912,1086.140649043955,0.0
1779970584,150,GET,/product/66VCHSJNUP,1.200000,1.200000,6,6,6,7,8,8,8,8,8,8,8,113,113,6,6.781814189265128,2.8023789636790752,26.857474935241044,0.0
1779970584,150,GET,/product/6E92ZMYYFZ,1.600000,1.600000,6,8,9,13,40,40,40,40,40,40,40,93,93,6,18.089769946371195,2.9571999330073595,1055.0972039345652,0.0
1779970584,150,GET,/product/9SIQT8TOJO,1.800000,1.800000,5,6,7,7,9,9,9,9,9,9,9,120,120,6,6.654554096166976,3.279356984421611,20.901998970657587,0.0
1779970584,150,GET,/product/L9ECAV7KIM,0.900000,0.900000,6,7,8,8,8,9,9,9,9,9,9,108,108,6,6.723429699411133,3.1617910135537386,20.78797295689583,0.0
1779970584,150,GET,/product/LS4PSXUNUM,1.300000,1.300000,6,6,7,8,10,10,10,10,10,10,10,90,90,6,6.7107110879280505,3.4266039729118347,41.36197303887457,0.0
1779970584,150,GET,/product/OLJCESPC7Z,1.500000,1.500000,7,7,8,8,11,12,12,12,12,12,12,106,106,6,26.597277417269378,3.25587997213006,1055.5047109955922,0.0
1779970584,150,,Aggregated,87.400000,87.400000,6,7,8,8,10,13,19,30,1100,1100,1100,7744,7744,6,15.352766852020594,2.240507979877293,1094.2321630427614,0.0
1779970585,150,GET,/,63.700000,63.700000,6,7,8,8,11,14,21,30,1100,1100,1100,5878,5878,7,15.355940380937941,2.240507979877293,1094.2321630427614,0.0
1779970585,150,POST,/cart,8.100000,8.100000,7,8,8,9,12,18,27,1000,1000,1000,1000,649,649,7,19.311636828211853,2.8912669513374567,1055.4386710282415,0.0
1779970585,150,POST,/cart/checkout,3.400000,3.400000,7,8,8,8,9,14,19,19,19,19,19,312,312,7,11.640065854851109,3.255518968217075,1065.448960987851,0.0
1779970585,150,GET,/product/0PUK6V6EV0,1.000000,1.000000,6,6,9,9,9,11,11,11,11,11,11,113,113,6,25.829875029920213,3.5141260595992208,1071.3147450005636,0.0
1779970585,150,GET,/product/1YMWWN1N4O,1.900000,1.900000,6,8,8,9,10,22,22,22,22,22,22,126,126,6,15.321165232712197,3.0047199688851833,1040.0119059486315,0.0
1779970585,150,GET,/product/2ZYFJ3GM2N,1.000000,1.000000,5,6,6,7,7,11,11,11,11,11,11,110,110,6,17.06115204777399,2.879741950891912,1086.140649043955,0.0
1779970585,150,GET,/product/66VCHSJNUP,1.300000,1.300000,6,6,7,7,8,8,8,8,8,8,8,114,114,6,6.781027958679356,2.8023789636790752,26.857474935241044,0.0
1779970585,150,GET,/product/6E92ZMYYFZ,1.600000,1.600000,6,6,8,9,40,40,40,40,40,40,40,94,94,6,17.953317564109618,2.9571999330073595,1055.0972039345652,0.0
1779970585,150,GET,/product/9SIQT8TOJO,1.700000,1.700000,5,6,6,7,7,9,9,9,9,9,9,122,122,6,6.657707487752081,3.279356984421611,20.901998970657587,0.0
1779970585,150,GET,/product/L9ECAV7KIM,1.100000,1.100000,6,7,8,8,9,9,9,9,9,9,9,108,108,6,6.723429699411133,3.1617910135537386,20.78797295689583,0.0
1779970585,150,GET,/product/LS4PSXUNUM,1.200000,1.200000,6,6,8,9,10,10,10,10,10,10,10,92,92,6,6.7068701635276815,3.4266039729118347,41.36197303887457,0.0
1779970585,150,GET,/product/OLJCESPC7Z,1.500000,1.500000,7,8,8,9,12,13,13,13,13,13,13,107,107,6,26.467308469517068,3.25587997213006,1055.5047109955922,0.0
1779970585,150,,Aggregated,87.500000,87.500000,6,7,8,8,10,14,22,30,1100,1100,1100,7825,7825,6,15.41229311833545,2.240507979877293,1094.2321630427614,0.0
1779970586,150,GET,/,63.600000,63.600000,6,7,8,8,11,13,19,23,1100,1100,1100,5935,5935,7,15.273158317675033,2.240507979877293,1094.2321630427614,0.0
1779970586,150,POST,/cart,8.200000,8.200000,7,8,8,9,12,15,27,1000,1000,1000,1000,655,655,7,19.226014663515087,2.8912669513374567,1055.4386710282415,0.0
1779970586,150,POST,/cart/checkout,3.300000,3.300000,6,7,8,8,9,14,17,17,17,17,17,316,316,7,11.591733521354515,3.255518968217075,1065.448960987851,0.0
1779970586,150,GET,/product/0PUK6V6EV0,1.200000,1.200000,6,6,9,9,9,11,11,11,11,11,11,115,115,6,25.464196376623992,3.5141260595992208,1071.3147450005636,0.0
1779970586,150,GET,/product/1YMWWN1N4O,1.900000,1.900000,5,7,8,8,10,22,22,22,22,22,22,128,128,6,15.165209658334788,3.0047199688851833,1040.0119059486315,0.0
1779970586,150,GET,/product/2ZYFJ3GM2N,1.300000,1.300000,4,5,6,6,7,11,11,11,11,11,11,112,112,6,16.84906216334119,2.879741950891912,1086.140649043955,0.0
1779970586,150,GET,/product/66VCHSJNUP,1.300000,1.300000,5,6,6,6,7,7,7,7,7,7,7,114,114,6,6.781027958679356,2.8023789636790752,26.857474935241044,0.0
1779970586,150,GET,/product/6E92ZMYYFZ,1.300000,1.300000,6,6,8,8,40,40,40,40,40,40,40,94,94,6,17.953317564109618,2.9571999330073595,1055.0972039345652,0.0
1779970586,150,GET,/product/9SIQT8TOJO,1.800000,1.800000,6,6,7,7,8,9,9,9,9,9,9,123,123,6,6.666675329253804,3.279356984421611,20.901998970657587,0.0
1779970586,150,GET,/product/L9ECAV7KIM,1.100000,1.100000,6,7,7,7,8,8,8,8,8,8,8,111,111,6,6.7264841405909745,3.1617910135537386,20.78797295689583,0.0
1779970586,150,GET,/product/LS4PSXUNUM,1.200000,1.200000,6,7,8,8,9,10,10,10,10,10,10,94,94,6,6.68450319232974,3.4266039729118347,41.36197303887457,0.0
1779970586,150,GET,/product/OLJCESPC7Z,1.700000,1.700000,7,7,8,9,11,13,13,13,13,13,13,107,107,6,26.467308469517068,3.25587997213006,1055.5047109955922,0.0
1779970586,150,,Aggregated,87.900000,87.900000,6,7,8,8,10,13,19,27,1100,1100,1100,7904,7904,6,15.327237037495122,2.240507979877293,1094.2321630427614,0.0
1779970587,150,GET,/,63.100000,63.100000,6,7,8,8,10,13,19,24,1100,1100,1100,5997,5997,7,15.354235804345,2.240507979877293,1094.2321630427614,0.0
1779970587,150,POST,/cart,8.400000,8.400000,7,8,9,10,12,15,27,1000,1000,1000,1000,660,660,7,19.13643059828742,2.8912669513374567,1055.4386710282415,0.0
1779970587,150,POST,/cart/checkout,2.900000,2.900000,6,7,8,8,9,17,20,20,20,20,20,321,321,7,11.543134114606382,3.255518968217075,1065.448960987851,0.0
1779970587,150,GET,/product/0PUK6V6EV0,1.200000,1.200000,6,6,9,9,9,11,11,11,11,11,11,115,115,6,25.464196376623992,3.5141260595992208,1071.3147450005636,0.0
1779970587,150,GET,/product/1YMWWN1N4O,1.900000,1.900000,5,7,7,8,9,22,22,22,22,22,22,129,129,6,15.07853260696974,3.0047199688851833,1040.0119059486315,0.0
1779970587,150,GET,/product/2ZYFJ3GM2N,1.400000,1.400000,5,6,6,6,7,11,11,11,11,11,11,112,112,6,16.84906216334119,2.879741950891912,1086.140649043955,0.0
1779970587,150,GET,/product/66VCHSJNUP,1.300000,1.300000,6,6,7,7,7,7,7,7,7,7,7,115,115,6,6.783629628910643,2.8023789636790752,26.857474935241044,0.0
1779970587,150,GET,/product/6E92ZMYYFZ,1.100000,1.100000,7,8,8,8,40,40,40,40,40,40,40,96,96,6,17.74043506278152,2.9571999330073595,1055.0972039345652,0.0
1779970587,150,GET,/product/9SIQT8TOJO,1.800000,1.800000,5,6,7,7,8,9,9,9,9,9,9,124,124,6,6.653614971230948,3.279356984421611,20.901998970657587,0.0
1779970587,150,GET,/product/L9ECAV7KIM,1.000000,1.000000,7,7,8,8,8,8,8,8,8,8,8,113,113,6,6.70551906743672,3.1617910135537386,20.78797295689583,0.0
1779970587,150,GET,/product/LS4PSXUNUM,1.200000,1.200000,6,7,8,9,10,10,10,10,10,10,10,94,94,6,6.68450319232974,3.4266039729118347,41.36197303887457,0.0
1779970587,150,GET,/product/OLJCESPC7Z,1.700000,1.700000,7,7,9,10,10,13,13,13,13,13,13,109,109,6,26.157626185839604,3.25587997213006,1055.5047109955922,0.0
1779970587,150,,Aggregated,87.000000,87.000000,6,7,8,8,10,13,20,27,1100,1100,1100,7985,7985,6,15.36892251157929,2.240507979877293,1094.2321630427614,0.0
1779970588,150,GET,/,62.400000,62.400000,6,7,8,8,11,14,21,26,1100,1100,1100,6073,6073,7,15.262760682232868,2.240507979877293,1094.2321630427614,0.0
1779970588,150,POST,/cart,8.500000,8.500000,7,7,8,10,14,18,33,1000,1000,1000,1000,669,669,7,18.99773816550944,2.8912669513374567,1055.4386710282415,0.0
1779970588,150,POST,/cart/checkout,3.200000,3.200000,7,7,8,9,10,17,20,20,20,20,20,326,326,7,11.494296852162142,3.255518968217075,1065.448960987851,0.0
1779970588,150,GET,/product/0PUK6V6EV0,1.200000,1.200000,6,6,7,7,9,9,9,9,9,9,9,115,115,6,25.464196376623992,3.5141260595992208,1071.3147450005636,0.0
1779970588,150,GET,/product/1YMWWN1N4O,1.900000,1.900000,6,7,7,7,9,22,22,22,22,22,22,131,131,6,14.955406573970752,3.0047199688851833,1040.0119059486315,0.0
1779970588,150,GET,/product/2ZYFJ3GM2N,1.600000,1.600000,6,6,7,7,8,11,11,11,11,11,11,115,115,6,16.61165196792749,2.879741950891912,1086.140649043955,0.0
1779970588,150,GET,/product/66VCHSJNUP,1.300000,1.300000,6,6,7,7,7,9,9,9,9,9,9,116,116,6,6.800520226784886,2.8023789636790752,26.857474935241044,0.0
1779970588,150,GET,/product/6E92ZMYYFZ,0.900000,0.900000,7,8,8,8,40,40,40,40,40,40,40,97,97,6,17.60134385591469,2.9571999330073595,1055.0972039345652,0.0
1779970588,150,GET,/product/9SIQT8TOJO,1.800000,1.800000,5,6,7,7,8,9,9,9,9,9,9,124,124,6,6.653614971230948,3.279356984421611,20.901998970657587,0.0
1779970588,150,GET,/product/L9ECAV7KIM,1.300000,1.300000,7,8,8,8,8,9,9,9,9,9,9,115,115,6,6.738343595972528,3.1617910135537386,20.78797295689583,0.0
1779970588,150,GET,/product/LS4PSXUNUM,1.200000,1.200000,7,8,9,9,10,10,10,10,10,10,10,94,94,6,6.68450319232974,3.4266039729118347,41.36197303887457,0.0
1779970588,150,GET,/product/OLJCESPC7Z,1.400000,1.400000,7,7,9,10,10,13,13,13,13,13,13,110,110,6,25.978261801752854,3.25587997213006,1055.5047109955922,0.0
1779970588,150,,Aggregated,86.700000,86.700000,6,7,8,8,10,14,21,30,1100,1100,1100,8085,8085,6,15.278584368474524,2.240507979877293,1094.2321630427614,0.0
1779970589,150,GET,/,62.400000,62.400000,6,7,8,9,11,14,21,26,1100,1100,1100,6125,6125,7,15.192682612573309,2.240507979877293,1094.2321630427614,0.0
1779970589,150,POST,/cart,7.700000,7.700000,6,7,8,10,14,18,33,1000,1000,1000,1000,672,672,7,18.94116216620508,2.8912669513374567,1055.4386710282415,0.0
1779970589,150,POST,/cart/checkout,3.400000,3.400000,7,7,8,9,10,17,20,20,20,20,20,331,331,7,11.41208550418668,3.255518968217075,1065.448960987851,0.0
1779970589,150,GET,/product/0PUK6V6EV0,1.200000,1.200000,6,7,8,9,9,9,9,9,9,9,9,116,116,6,25.310492450130525,3.5141260595992208,1071.3147450005636,0.0
1779970589,150,GET,/product/1YMWWN1N4O,1.800000,1.800000,5,7,7,8,9,22,22,22,22,22,22,132,132,6,14.872094319963997,3.0047199688851833,1040.0119059486315,0.0
1779970589,150,GET,/product/2ZYFJ3GM2N,1.500000,1.500000,6,6,8,8,8,11,11,11,11,11,11,117,117,6,16.44435928414106,2.879741950891912,1086.140649043955,0.0
1779970589,150,GET,/product/66VCHSJNUP,1.200000,1.200000,6,7,7,7,7,9,9,9,9,9,9,118,118,6,6.797825612751294,2.8023789636790752,26.857474935241044,0.0
1779970589,150,GET,/product/6E92ZMYYFZ,1.000000,1.000000,8,8,8,8,40,40,40,40,40,40,40,98,98,6,17.4989588368608,2.9571999330073595,1055.0972039345652,0.0
1779970589,150,GET,/product/9SIQT8TOJO,1.700000,1.700000,5,7,7,7,8,9,9,9,9,9,9,124,124,6,6.653614971230948,3.279356984421611,20.901998970657587,0.0
1779970589,150,GET,/product/L9ECAV7KIM,1.300000,1.300000,7,8,8,8,9,9,9,9,9,9,9,117,117,6,6.760791954027218,3.1617910135537386,20.78797295689583,0.0
1779970589,150,GET,/product/LS4PSXUNUM,1.100000,1.100000,5,7,8,8,9,9,9,9,9,9,9,94,94,6,6.68450319232974,3.4266039729118347,41.36197303887457,0.0
1779970589,150,GET,/product/OLJCESPC7Z,1.600000,1.600000,7,9,10,10,10,13,13,13,13,13,13,111,111,6,25.827887371551615,3.25587997213006,1055.5047109955922,0.0
1779970589,150,,Aggregated,85.900000,85.900000,6,7,8,9,10,14,21,27,1100,1100,1100,8155,8155,6,15.206929122253106,2.240507979877293,1094.2321630427614,0.0
1779970590,150,GET,/,63.000000,63.000000,6,7,8,9,11,14,21,30,1100,1100,1100,6187,6187,7,15.26809762209351,2.240507979877293,1094.2321630427614,0.0
1779970590,150,POST,/cart,8.200000,8.200000,6,7,9,10,14,18,33,1000,1000,1000,1000,678,678,7,18.816227858967167,2.8912669513374567,1055.4386710282415,0.0
1779970590,150,POST,/cart/checkout,3.700000,3.700000,6,7,7,9,10,17,20,20,20,20,20,336,336,7,11.311649089510043,3.255518968217075,1065.448960987851,0.0
1779970590,150,GET,/product/0PUK6V6EV0,1.100000,1.100000,6,6,7,7,8,9,9,9,9,9,9,118,118,6,24.982349807001903,3.5141260595992208,1071.3147450005636,0.0
1779970590,150,GET,/product/1YMWWN1N4O,1.900000,1.900000,5,7,7,7,9,22,22,22,22,22,22,133,133,6,14.797121738923952,3.0047199688851833,1040.0119059486315,0.0
1779970590,150,GET,/product/2ZYFJ3GM2N,1.700000,1.700000,6,7,8,8,8,11,11,11,11,11,11,118,118,6,16.344217196801456,2.879741950891912,1086.140649043955,0.0
1779970590,150,GET,/product/66VCHSJNUP,1.200000,1.200000,6,6,7,7,7,9,9,9,9,9,9,119,119,6,6.779802633457262,2.8023789636790752,26.857474935241044,0.0
1779970590,150,GET,/product/6E92ZMYYFZ,0.800000,0.800000,8,8,8,8,40,40,40,40,40,40,40,98,98,6,17.4989588368608,2.9571999330073595,1055.0972039345652,0.0
1779970590,150,GET,/product/9SIQT8TOJO,1.500000,1.500000,5,7,7,7,7,8,8,8,8,8,8,125,125,6,6.632705787196755,3.279356984421611,20.901998970657587,0.0
1779970590,150,GET,/product/L9ECAV7KIM,1.300000,1.300000,7,8,8,8,9,9,9,9,9,9,9,118,118,6,6.745446276045957,3.1617910135537386,20.78797295689583,0.0
1779970590,150,GET,/product/LS4PSXUNUM,1.000000,1.000000,6,7,8,8,9,9,9,9,9,9,9,95,95,6,6.678845917217825,3.4266039729118347,41.36197303887457,0.0
1779970590,150,GET,/product/OLJCESPC7Z,1.400000,1.400000,6,7,9,10,13,13,13,13,13,13,13,117,117,6,24.793488608322974,3.223343985155225,1055.5047109955922,0.0
1779970590,150,,Aggregated,86.800000,86.800000,6,7,8,9,11,14,21,30,1100,1100,1100,8242,8242,6,15.23276662954982,2.240507979877293,1094.2321630427614,0.0
1779970591,150,GET,/,61.600000,61.600000,6,7,8,9,11,14,21,30,1100,1100,1100,6255,6255,6,15.172825042503796,2.240507979877293,1094.2321630427614,0.0
1779970591,150,POST,/cart,7.700000,7.700000,7,7,9,10,14,27,33,1000,1000,1000,1000,682,682,7,18.74460263418094,2.8912669513374567,1055.4386710282415,0.0
1779970591,150,POST,/cart/checkout,3.800000,3.800000,6,7,7,8,9,14,20,20,20,20,20,341,341,7,11.223568566023342,3.255518968217075,1065.448960987851,0.0
1779970591,150,GET,/product/0PUK6V6EV0,1.200000,1.200000,6,6,7,7,8,9,9,9,9,9,9,118,118,6,24.982349807001903,3.5141260595992208,1071.3147450005636,0.0
1779970591,150,GET,/product/1YMWWN1N4O,1.700000,1.700000,5,6,7,7,9,22,22,22,22,22,22,135,135,6,14.648421927941618,3.0047199688851833,1040.0119059486315,0.0
1779970591,150,GET,/product/2ZYFJ3GM2N,1.800000,1.800000,6,7,8,8,8,11,11,11,11,11,11,119,119,6,16.236512229128294,2.879741950891912,1086.140649043955,0.0
1779970591,150,GET,/product/66VCHSJNUP,1.300000,1.300000,6,7,7,7,8,9,9,9,9,9,9,120,120,6,6.789044519731154,2.8023789636790752,26.857474935241044,0.0
1779970591,150,GET,/product/6E92ZMYYFZ,0.800000,0.800000,7,8,8,8,8,8,8,8,8,8,8,98,98,6,17.4989588368608,2.9571999330073595,1055.0972039345652,0.0
1779970591,150,GET,/product/9SIQT8TOJO,1.500000,1.500000,6,7,7,7,8,8,8,8,8,8,8,125,125,6,6.632705787196755,3.279356984421611,20.901998970657587,0.0
1779970591,150,GET,/product/L9ECAV7KIM,1.400000,1.400000,7,7,8,8,9,9,9,9,9,9,9,120,120,6,6.712759904136571,3.1617910135537386,20.78797295689583,0.0
1779970591,150,GET,/product/LS4PSXUNUM,0.800000,0.800000,7,7,8,8,9,9,9,9,9,9,9,98,98,6,6.674135480389683,3.4266039729118347,41.36197303887457,0.0
1779970591,150,GET,/product/OLJCESPC7Z,1.400000,1.400000,6,9,10,10,13,13,13,13,13,13,13,118,118,6,24.62296105203045,3.223343985155225,1055.5047109955922,0.0
1779970591,150,,Aggregated,85.000000,85.000000,6,7,8,8,10,14,21,30,1100,1100,1100,8329,8329,6,15.139687010763005,2.240507979877293,1094.2321630427614,0.0
1779970592,150,GET,/,62.000000,62.000000,6,7,8,8,10,12,19,25,1100,1100,1100,6314,6314,6,15.090006747339682,2.240507979877293,1094.2321630427614,0.0
1779970592,150,POST,/cart,7.400000,7.400000,6,7,8,8,12,18,27,33,33,33,33,690,690,7,18.595761469011936,2.8912669513374567,1055.4386710282415,0.0
1779970592,150,POST,/cart/checkout,4.200000,4.200000,6,7,8,8,9,13,20,20,20,20,20,348,348,7,11.153101315922585,3.255518968217075,1065.448960987851,0.0
1779970592,150,GET,/product/0PUK6V6EV0,1.200000,1.200000,6,6,7,8,8,9,9,9,9,9,9,121,121,6,24.49391714262599,3.5141260595992208,1071.3147450005636,0.0
1779970592,150,GET,/product/1YMWWN1N4O,1.300000,1.300000,5,6,7,7,7,22,22,22,22,22,22,135,135,6,14.648421927941618,3.0047199688851833,1040.0119059486315,0.0
1779970592,150,GET,/product/2ZYFJ3GM2N,1.700000,1.700000,6,7,8,8,8,11,11,11,11,11,11,120,120,6,16.13163106861369,2.879741950891912,1086.140649043955,0.0
1779970592,150,GET,/product/66VCHSJNUP,1.200000,1.200000,7,7,7,8,9,9,9,9,9,9,9,120,120,6,6.789044519731154,2.8023789636790752,26.857474935241044,0.0
1779970592,150,GET,/product/6E92ZMYYFZ,0.500000,0.500000,7,8,8,8,8,8,8,8,8,8,8,98,98,6,17.4989588368608,2.9571999330073595,1055.0972039345652,0.0
1779970592,150,GET,/product/9SIQT8TOJO,1.400000,1.400000,6,7,7,8,10,10,10,10,10,10,10,128,128,6,6.625727105529222,3.279356984421611,20.901998970657587,0.0
1779970592,150,GET,/product/L9ECAV7KIM,1.600000,1.600000,7,7,8,8,9,9,9,9,9,9,9,121,121,6,6.699457152723527,3.1617910135537386,20.78797295689583,0.0
1779970592,150,GET,/product/LS4PSXUNUM,0.800000,0.800000,7,7,8,8,9,10,10,10,10,10,10,101,101,6,6.708232536082073,3.4266039729118347,41.36197303887457,0.0
1779970592,150,GET,/product/OLJCESPC7Z,1.700000,1.700000,6,9,10,10,13,13,13,13,13,13,13,118,118,6,24.62296105203045,3.223343985155225,1055.5047109955922,0.0
1779970592,150,,Aggregated,85.000000,85.000000,6,7,8,8,10,13,19,25,1100,1100,1100,8414,8414,6,15.050998992236371,2.240507979877293,1094.2321630427614,0.0
1779970593,150,GET,/,62.100000,62.100000,6,7,8,9,10,14,19,26,1100,1100,1100,6381,6381,6,15.166770318029585,2.240507979877293,1094.2321630427614,0.0
1779970593,150,POST,/cart,6.900000,6.900000,6,7,8,8,11,14,27,33,33,33,33,699,699,7,18.453306358444834,2.8912669513374567,1055.4386710282415,0.0
1779970593,150,POST,/cart/checkout,4.200000,4.200000,6,7,8,9,9,13,20,20,20,20,20,350,350,7,11.124895031098276,3.255518968217075,1065.448960987851,0.0
1779970593,150,GET,/product/0PUK6V6EV0,1.100000,1.100000,5,6,8,8,9,9,9,9,9,9,9,121,121,6,24.49391714262599,3.5141260595992208,1071.3147450005636,0.0
1779970593,150,GET,/product/1YMWWN1N4O,1.200000,1.200000,5,6,7,7,7,22,22,22,22,22,22,137,137,6,14.496321688800451,3.0047199688851833,1040.0119059486315,0.0
1779970593,150,GET,/product/2ZYFJ3GM2N,1.500000,1.500000,6,6,7,8,8,8,8,8,8,8,8,124,124,6,15.785127533637288,2.879741950891912,1086.140649043955,0.0
1779970593,150,GET,/product/66VCHSJNUP,1.000000,1.000000,7,7,8,8,9,9,9,9,9,9,9,120,120,6,6.789044519731154,2.8023789636790752,26.857474935241044,0.0
1779970593,150,GET,/product/6E92ZMYYFZ,0.500000,0.500000,7,7,8,8,8,8,8,8,8,8,8,99,99,6,17.37627582836219,2.9571999330073595,1055.0972039345652,0.0
1779970593,150,GET,/product/9SIQT8TOJO,1.100000,1.100000,6,7,7,8,10,10,10,10,10,10,10,129,129,6,6.629189693859901,3.279356984421611,20.901998970657587,0.0
1779970593,150,GET,/product/L9ECAV7KIM,1.600000,1.600000,7,8,8,8,9,9,9,9,9,9,9,124,124,6,6.720180212024359,3.1617910135537386,20.78797295689583,0.0
1779970593,150,GET,/product/LS4PSXUNUM,0.800000,0.800000,7,7,8,8,9,10,10,10,10,10,10,101,101,6,6.708232536082073,3.4266039729118347,41.36197303887457,0.0
1779970593,150,GET,/product/OLJCESPC7Z,1.500000,1.500000,6,9,10,10,13,13,13,13,13,13,13,120,120,6,24.30506479286123,3.223343985155225,1055.5047109955922,0.0
1779970593,150,,Aggregated,83.500000,83.500000,6,7,8,8,10,13,19,26,1100,1100,1100,8505,8505,6,15.084820151915428,2.240507979877293,1094.2321630427614,0.0
1779970594,150,GET,/,61.800000,61.800000,6,7,8,8,10,13,17,25,1000,1000,1000,6446,6446,7,15.089521672890333,2.240507979877293,1094.2321630427614,0.0
1779970594,150,POST,/cart,6.300000,6.300000,6,7,8,8,10,14,14,33,33,33,33,705,705,7,18.34659010439398,2.8912669513374567,1055.4386710282415,0.0
1779970594,150,POST,/cart/checkout,4.700000,4.700000,6,8,8,9,10,14,20,20,20,20,20,353,353,7,11.112835387522539,3.255518968217075,1065.448960987851,0.0
1779970594,150,GET,/product/0PUK6V6EV0,1.300000,1.300000,5,6,6,8,8,8,8,8,8,8,8,122,122,6,24.345034010112897,3.5141260595992208,1071.3147450005636,0.0
1779970594,150,GET,/product/1YMWWN1N4O,1.100000,1.100000,5,6,6,6,7,7,7,7,7,7,7,137,137,6,14.496321688800451,3.0047199688851833,1040.0119059486315,0.0
1779970594,150,GET,/product/2ZYFJ3GM2N,1.400000,1.400000,6,6,7,7,8,8,8,8,8,8,8,126,126,6,15.609666414093226,2.879741950891912,1086.140649043955,0.0
1779970594,150,GET,/product/66VCHSJNUP,1.100000,1.100000,7,7,8,8,9,9,9,9,9,9,9,120,120,6,6.789044519731154,2.8023789636790752,26.857474935241044,0.0
1779970594,150,GET,/product/6E92ZMYYFZ,0.500000,0.500000,7,7,8,8,8,8,8,8,8,8,8,99,99,6,17.37627582836219,2.9571999330073595,1055.0972039345652,0.0
1779970594,150,GET,/product/9SIQT8TOJO,1.200000,1.200000,5,6,7,8,10,10,10,10,10,10,10,130,130,6,6.617237312289385,3.279356984421611,20.901998970657587,0.0
1779970594,150,GET,/product/L9ECAV7KIM,1.600000,1.600000,7,8,8,9,9,12,12,12,12,12,12,125,125,6,6.759015426039696,3.1617910135537386,20.78797295689583,0.0
1779970594,150,GET,/product/LS4PSXUNUM,1.100000,1.100000,7,7,7,8,10,10,10,10,10,10,10,101,101,6,6.708232536082073,3.4266039729118347,41.36197303887457,0.0
1779970594,150,GET,/product/OLJCESPC7Z,1.500000,1.500000,5,7,10,10,13,13,13,13,13,13,13,122,122,6,23.996268108021468,3.223343985155225,1055.5047109955922,0.0
1779970594,150,,Aggregated,83.600000,83.600000,6,7,8,8,10,13,16,24,1000,1000,1000,8586,8586,6,15.011911534028718,2.240507979877293,1094.2321630427614,0.0
1779970595,150,GET,/,62.100000,62.100000,6,7,8,8,10,13,17,25,1000,1000,1000,6511,6511,6,14.99852203025443,2.240507979877293,1094.2321630427614,0.0
1779970595,150,POST,/cart,6.500000,6.500000,6,7,7,8,9,14,14,33,33,33,33,711,711,7,18.252320030446096,2.8912669513374567,1055.4386710282415,0.0
1779970595,150,POST,/cart/checkout,4.500000,4.500000,6,8,8,9,10,14,20,20,20,20,20,354,354,7,11.098870329787733,3.255518968217075,1065.448960987851,0.0
1779970595,150,GET,/product/0PUK6V6EV0,1.300000,1.300000,6,6,8,8,8,8,8,8,8,8,8,125,125,6,23.920695344917476,3.5141260595992208,1071.3147450005636,0.0
1779970595,150,GET,/product/1YMWWN1N4O,1.300000,1.300000,5,6,7,7,7,7,7,7,7,7,7,139,139,6,14.37772857862786,3.0047199688851833,1040.0119059486315,0.0
1779970595,150,GET,/product/2ZYFJ3GM2N,1.800000,1.800000,6,6,7,8,8,1000,1000,1000,1000,1000,1000,127,127,6,23.513366213420362,2.879741950891912,1086.140649043955,0.0
1779970595,150,GET,/product/66VCHSJNUP,0.900000,0.900000,7,7,8,8,9,9,9,9,9,9,9,121,121,6,6.772353696783096,2.8023789636790752,26.857474935241044,0.0
1779970595,150,GET,/product/6E92ZMYYFZ,0.600000,0.600000,7,8,8,8,8,8,8,8,8,8,8,99,99,6,17.37627582836219,2.9571999330073595,1055.0972039345652,0.0
1779970595,150,GET,/product/9SIQT8TOJO,1.100000,1.100000,5,5,7,7,10,10,10,10,10,10,10,132,132,6,6.604203231152937,3.279356984421611,20.901998970657587,0.0
1779970595,150,GET,/product/L9ECAV7KIM,1.600000,1.600000,8,8,9,9,9,12,12,12,12,12,12,125,125,6,6.759015426039696,3.1617910135537386,20.78797295689583,0.0
1779970595,150,GET,/product/LS4PSXUNUM,1.100000,1.100000,7,7,7,7,8,10,10,10,10,10,10,103,103,6,6.653107049449989,3.4266039729118347,41.36197303887457,0.0
1779970595,150,GET,/product/OLJCESPC7Z,1.600000,1.600000,5,6,7,9,10,13,13,13,13,13,13,125,125,6,23.535967792384326,3.223343985155225,1055.5047109955922,0.0
1779970595,150,,Aggregated,84.400000,84.400000,6,7,8,8,10,13,16,25,1000,1000,1000,8672,8672,6,15.039226145785761,2.240507979877293,1094.2321630427614,0.0
