Timestamp,User Count,Type,Name,Requests/s,Failures/s,50%,66%,75%,80%,90%,95%,98%,99%,99.9%,99.99%,100%,Total Request Count,Total Failure Count,Total Median Response Time,Total Average Response Time,Total Min Response Time,Total Max Response Time,Total Average Content Size
1781277283,0,,Aggregated,0.000000,0.000000,N/A,N/A,N/A,N/A,N/A,N/A,N/A,N/A,N/A,N/A,N/A,0,0,0,0.0,0,0,0
1781277284,5,GET,/,0.000000,0.000000,0,0,0,0,0,0,0,0,0,0,0,1,0,109.43390900501981,109.43390900501981,109.43390900501981,109.43390900501981,11447.0
1781277284,5,GET,/api/products,0.000000,0.000000,0,0,0,0,0,0,0,0,0,0,0,2,0,110,107.92231849336531,105.45723198447376,110.38740500225686,6136.0
1781277284,5,GET,/cart,0.000000,0.000000,0,0,0,0,0,0,0,0,0,0,0,1,0,108.20489199250005,108.20489199250005,108.20489199250005,108.20489199250005,9400.0
1781277284,5,POST,/cart,0.000000,0.000000,0,0,0,0,0,0,0,0,0,0,0,1,0,103.83614100283012,103.83614100283012,103.83614100283012,103.83614100283012,9400.0
1781277284,5,,Aggregated,0.000000,0.000000,0,0,0,0,0,0,0,0,0,0,0,5,0,110,107.46391579741612,103.83614100283012,110.38740500225686,8503.8
1781277285,10,GET,/,0.000000,0.000000,0,0,0,0,0,0,0,0,0,0,0,7,0,30,40.13720086160382,12.756848009303212,109.43390900501981,11447.0
1781277285,10,GET,/api/products,0.000000,0.000000,0,0,0,0,0,0,0,0,0,0,0,2,0,110,107.92231849336531,105.45723198447376,110.38740500225686,6136.0
1781277285,10,GET,/cart,0.000000,0.000000,0,0,0,0,0,0,0,0,0,0,0,3,0,37,60.45182200614363,36.10486802062951,108.20489199250005,9400.0
1781277285,10,POST,/cart,0.000000,0.000000,0,0,0,0,0,0,0,0,0,0,0,1,0,103.83614100283012,103.83614100283012,103.83614100283012,103.83614100283012,9400.0
1781277285,10,,Aggregated,0.000000,0.000000,44,100,110,110,110,110,110,110,110,110,110,13,0,44,60.153588464555256,12.756848009303212,110.38740500225686,10000.076923076924
1781277286,15,GET,/,0.000000,0.000000,24,24,44,44,47,47,47,47,47,47,47,8,0,24,36.935136376996525,12.756848009303212,109.43390900501981,11447.0
1781277286,15,GET,/api/products,0.000000,0.000000,49,50,110,110,110,110,110,110,110,110,110,8,0,48,55.13573875214206,15.210765006486326,110.38740500225686,6136.0
1781277286,15,GET,/cart,0.000000,0.000000,37,37,37,37,37,37,37,37,37,37,37,3,0,37,60.45182200614363,36.10486802062951,108.20489199250005,9400.0
1781277286,15,POST,/cart,0.000000,0.000000,25,25,25,25,25,25,25,25,25,25,25,2,0,25,64.28996550675947,24.743790010688826,103.83614100283012,9400.0
1781277286,15,,Aggregated,0.000000,0.000000,44,48,50,100,110,110,110,110,110,110,110,21,0,44,49.83344752690755,12.756848009303212,110.38740500225686,8936.380952380952
1781277287,20,GET,/,1.000000,0.000000,24,27,37,44,47,47,47,47,47,47,47,12,0,24,32.18807825275386,12.756848009303212,109.43390900501981,11447.0
1781277287,20,GET,/api/products,1.000000,0.000000,38,48,49,50,110,110,110,110,110,110,110,14,0,32,40.18668921656042,9.356949012726545,110.38740500225686,6136.0
1781277287,20,GET,/cart,0.500000,0.000000,36,36,37,37,37,37,37,37,37,37,37,4,0,36,51.11419850436505,23.10132799902931,108.20489199250005,9400.0
1781277287,20,POST,/cart,0.500000,0.000000,25,25,35,35,35,35,35,35,35,35,35,4,0,25,44.87454850459471,16.053367988206446,103.83614100283012,9400.0
1781277287,20,,Aggregated,3.000000,0.000000,32,38,47,49,110,110,110,110,110,110,110,34,0,30,39.200752238256804,9.356949012726545,110.38740500225686,8778.470588235294
1781277288,25,GET,/,2.333333,0.000000,27,38,39,39,44,47,47,47,47,47,47,18,0,27,31.689084335488992,12.756848009303212,109.43390900501981,11447.0
1781277288,25,GET,/api/products,0.666667,0.000000,32,46,49,49,110,110,110,110,110,110,110,16,0,18,37.05880668894679,9.356949012726545,110.38740500225686,6136.0
1781277288,25,GET,/cart,1.000000,0.000000,23,36,36,37,37,37,37,37,37,37,37,6,0,23,39.05858534077803,14.755447016796097,108.20489199250005,9400.0
1781277288,25,POST,/cart,0.666667,0.000000,25,35,35,37,37,37,37,37,37,37,37,6,0,25,37.979824337526225,11.119691014755517,103.83614100283012,9400.0
1781277288,25,,Aggregated,4.666667,0.000000,30,38,40,46,100,110,110,110,110,110,110,46,0,27,35.33858441590817,9.356949012726545,110.38740500225686,9065.695652173914
1781277289,30,GET,/,2.250000,0.000000,24,34,38,38,40,44,47,47,47,47,47,24,0,24,29.131389209699893,12.756848009303212,109.43390900501981,11447.0
1781277289,30,GET,/api/products,2.000000,0.000000,18,32,46,48,50,110,110,110,110,110,110,22,0,17,31.286613366153855,9.356949012726545,110.38740500225686,6136.0
1781277289,30,GET,/cart,0.750000,0.000000,23,36,37,37,38,38,38,38,38,38,38,9,0,23,33.98516390006989,14.259964023949578,108.20489199250005,9400.0
1781277289,30,POST,/cart,0.500000,0.000000,16,25,35,37,38,38,38,38,38,38,38,10,0,16,30.565104898414575,11.119691014755517,103.83614100283012,9400.0
1781277289,30,,Aggregated,5.500000,0.000000,19,35,38,39,49,110,110,110,110,110,110,65,0,19,30.753482448814722,9.356949012726545,110.38740500225686,9051.076923076924
1781277290,35,GET,/,2.400000,0.000000,21,35,37,38,39,44,47,47,47,47,47,33,0,24,28.2275680616625,12.756848009303212,109.43390900501981,11447.0
1781277290,35,GET,/api/products,2.800000,0.000000,17,19,38,46,50,110,110,110,110,110,110,30,0,16,27.650178900997464,9.356949012726545,110.38740500225686,6136.0
1781277290,35,GET,/cart,0.800000,0.000000,19,23,36,37,38,38,38,38,38,38,38,11,0,19,30.28537128226493,12.885639007436112,108.20489199250005,9400.0
1781277290,35,POST,/cart,0.800000,0.000000,17,19,35,35,37,38,38,38,38,38,38,13,0,17,27.421670307656033,11.119691014755517,103.83614100283012,9400.0
1781277290,35,,Aggregated,6.800000,0.000000,18,32,37,38,47,100,110,110,110,110,110,87,0,18,28.16822886401413,9.356949012726545,110.38740500225686,9050.931034482759
1781277291,40,GET,/,3.000000,0.000000,21,27,36,37,39,44,47,47,47,47,47,41,0,21,26.5025410250329,12.756848009303212,109.43390900501981,11447.0
1781277291,40,GET,/api/products,2.833333,0.000000,17,24,34,38,49,110,110,110,110,110,110,38,0,17,26.564172132853663,9.356949012726545,110.38740500225686,6136.0
1781277291,40,GET,/cart,1.000000,0.000000,23,27,36,36,37,38,38,38,38,38,38,13,0,23,30.045620394118416,12.885639007436112,108.20489199250005,9400.0
1781277291,40,POST,/cart,1.000000,0.000000,15,17,25,35,37,38,38,38,38,38,38,16,0,15,24.79345262690913,11.119691014755517,103.83614100283012,9400.0
1781277291,40,,Aggregated,7.833333,0.000000,19,27,36,37,44,50,110,110,110,110,110,108,0,18,26.69750953915624,9.356949012726545,110.38740500225686,9028.657407407407
1781277292,45,GET,/,3.571429,0.000000,19,27,35,37,39,42,47,47,47,47,47,52,0,19,25.025685116326294,10.608226992189884,109.43390900501981,11447.0
1781277292,45,GET,/api/products,3.285714,0.000000,16,21,32,38,48,50,110,110,110,110,110,43,0,16,25.085815465413468,9.356949012726545,110.38740500225686,6136.0
1781277292,45,GET,/cart,1.285714,0.000000,19,27,34,36,37,38,38,38,38,38,38,16,0,19,27.881251569851884,10.46232899534516,108.20489199250005,9400.0
1781277292,45,POST,/cart,1.428571,0.000000,14,17,25,31,37,38,42,42,42,42,42,22,0,14,23.57567241018511,11.119691014755517,103.83614100283012,9400.0
1781277292,45,,Aggregated,9.571429,0.000000,17,25,34,37,42,49,110,110,110,110,110,133,0,17,25.148800821078563,9.356949012726545,110.38740500225686,9145.052631578947
1781277293,50,GET,/,4.125000,0.000000,17,25,30,35,39,42,47,66,66,66,66,66,0,17,24.089102985630177,10.333085985621437,109.43390900501981,11447.0
1781277293,50,GET,/api/products,3.750000,0.000000,16,21,32,37,48,50,110,110,110,110,110,48,0,16,24.662824708381475,9.356949012726545,110.38740500225686,6136.0
1781277293,50,GET,/cart,1.375000,0.000000,19,27,34,36,38,44,44,44,44,44,44,20,0,19,27.286603854736313,10.46232899534516,108.20489199250005,9400.0
1781277293,50,POST,/cart,1.625000,0.000000,15,19,32,35,38,42,72,72,72,72,72,25,0,15,25.396440520416945,11.119691014755517,103.83614100283012,9400.0
1781277293,50,,Aggregated,10.875000,0.000000,17,25,32,36,42,50,110,110,110,110,110,159,0,17,24.870059579616683,9.356949012726545,110.38740500225686,9264.33962264151
1781277294,55,GET,/,4.555556,0.000000,17,25,30,36,40,56,71,78,78,78,78,81,0,17,24.762211765240256,10.333085985621437,109.43390900501981,11447.0
1781277294,55,GET,/api/products,4.222222,0.000000,15,19,24,34,46,50,110,110,110,110,110,54,0,15,23.458585202913834,9.356949012726545,110.38740500225686,6136.0
1781277294,55,GET,/cart,1.444444,0.000000,19,27,31,34,37,38,44,44,44,44,44,23,0,19,26.105294395086315,10.46232899534516,108.20489199250005,9400.0
1781277294,55,POST,/cart,1.777778,0.000000,15,16,25,32,38,42,72,72,72,72,72,31,0,15,23.23385503334594,11.119691014755517,103.83614100283012,9400.0
1781277294,55,,Aggregated,12.000000,0.000000,16,21,29,34,38,46,66,72,78,78,78,189,0,16,24.30250810085988,9.356949012726545,110.38740500225686,9344.714285714286
1781277295,60,GET,/,5.200000,0.000000,16,21,30,35,39,56,71,78,78,78,78,92,0,16,23.92524483666816,9.510651987511665,109.43390900501981,11447.0
1781277295,60,GET,/api/products,4.300000,0.000000,14,17,19,21,34,38,65,69,69,69,69,69,0,15,22.900413739515226,9.006572014186531,110.38740500225686,6136.0
1781277295,60,GET,/cart,1.600000,0.000000,15,23,27,27,34,38,44,44,44,44,44,25,0,18,25.071818004362285,10.46232899534516,108.20489199250005,9400.0
1781277295,60,POST,/cart,2.200000,0.000000,14,16,31,35,42,64,72,72,72,72,72,35,0,15,24.842594800117826,10.224447003565729,103.83614100283012,9400.0
1781277295,60,,Aggregated,13.300000,0.000000,15,19,25,30,38,56,69,72,78,78,78,221,0,15,23.880259462050688,9.006572014186531,110.38740500225686,9233.067873303167
1781277297,65,GET,/,6.600000,0.000000,15,21,29,35,40,56,71,78,78,78,78,106,0,15,23.494497452256322,9.510651987511665,109.43390900501981,11447.0
1781277297,65,GET,/api/products,4.800000,0.000000,14,16,18,20,28,38,65,69,69,69,69,76,0,15,22.05053731641352,9.006572014186531,110.38740500225686,6136.0
1781277297,65,GET,/cart,2.000000,0.000000,15,18,25,27,34,44,50,50,50,50,50,35,0,16,23.296465288149193,10.46232899534516,108.20489199250005,9400.0
1781277297,65,POST,/cart,2.500000,0.000000,14,17,31,37,42,64,72,72,72,72,72,38,0,15,24.77136418517483,10.224447003565729,103.83614100283012,9400.0
1781277297,65,,Aggregated,15.900000,0.000000,15,18,21,28,38,47,67,71,78,78,78,255,0,15,23.227238000425345,9.006572014186531,110.38740500225686,9278.109803921569
1781277298,70,GET,/,7.900000,0.000000,15,20,24,29,37,47,67,71,78,78,78,120,0,15,22.639629699551733,9.510651987511665,109.43390900501981,11447.0
1781277298,70,GET,/api/products,5.200000,0.000000,14,17,20,24,37,50,65,69,69,69,69,91,0,15,22.38399485813116,9.006572014186531,110.38740500225686,6136.0
1781277298,70,GET,/cart,2.200000,0.000000,16,19,25,27,34,44,50,50,50,50,50,43,0,16,22.833158165286836,10.46232899534516,108.20489199250005,9400.0
1781277298,70,POST,/cart,3.000000,0.000000,14,19,24,32,64,64,72,72,72,72,72,44,0,15,24.671437273685694,10.060716012958437,103.83614100283012,9400.0
1781277298,70,,Aggregated,18.300000,0.000000,15,18,22,27,38,50,66,71,78,78,78,298,0,15,22.88949039324043,9.006572014186531,110.38740500225686,9227.570469798658
1781277299,75,GET,/,8.500000,0.000000,15,19,23,27,37,47,67,71,78,78,78,135,0,15,22.240567414081415,9.510651987511665,109.43390900501981,11447.0
1781277299,75,GET,/api/products,6.700000,0.000000,14,17,20,24,38,50,65,69,69,69,69,99,0,15,21.912298081477992,9.006572014186531,110.38740500225686,6136.0
1781277299,75,GET,/cart,2.200000,0.000000,16,18,21,27,34,44,50,50,50,50,50,49,0,16,21.787647124645964,10.46232899534516,108.20489199250005,9400.0
1781277299,75,POST,/cart,3.300000,0.000000,15,19,24,31,64,64,72,72,72,72,72,50,0,15,23.869769960292615,10.060716012958437,103.83614100283012,9400.0
1781277299,75,,Aggregated,20.700000,0.000000,15,18,21,26,37,50,66,71,78,78,78,333,0,15,22.32095290717596,9.006572014186531,110.38740500225686,9259.486486486487
1781277300,80,GET,/,9.700000,0.000000,14,17,21,25,36,47,67,71,78,78,78,152,0,15,21.44824374198307,9.510651987511665,109.43390900501981,11447.0
1781277300,80,GET,/api/products,6.800000,0.000000,14,16,18,22,35,46,65,69,69,69,69,111,0,15,21.210286298269608,9.006572014186531,110.38740500225686,6136.0
1781277300,80,GET,/cart,3.200000,0.000000,16,18,20,25,33,34,50,50,50,50,50,57,0,16,20.96970830053467,10.46232899534516,108.20489199250005,9400.0
1781277300,80,POST,/cart,3.600000,0.000000,15,19,24,26,42,64,72,72,72,72,72,54,0,15,23.165731981323376,9.529656992526725,103.83614100283012,9400.0
1781277300,80,,Aggregated,23.300000,0.000000,14,17,21,24,35,47,66,71,78,78,78,374,0,15,21.552667721955324,9.006572014186531,110.38740500225686,9263.208556149733
1781277301,85,GET,/,10.800000,0.000000,14,17,20,21,35,43,67,71,78,78,78,169,0,15,20.89445294516806,9.510651987511665,109.43390900501981,11447.0
1781277301,85,GET,/api/products,7.700000,0.000000,14,16,18,22,32,46,65,69,69,69,69,126,0,15,20.702593127175028,9.006572014186531,110.38740500225686,6136.0
1781277301,85,GET,/cart,3.900000,0.000000,15,17,19,21,33,34,50,50,50,50,50,63,0,15,20.513612351524422,10.46232899534516,108.20489199250005,9400.0
1781277301,85,POST,/cart,4.000000,0.000000,15,18,23,24,42,64,72,72,72,72,72,62,0,15,21.995534435489155,9.49716501054354,103.83614100283012,9400.0
1781277301,85,,Aggregated,26.400000,0.000000,14,16,19,22,33,46,65,69,78,78,78,420,0,15,20.942309511675766,9.006572014186531,110.38740500225686,9244.47380952381
1781277302,90,GET,/,12.700000,0.000000,14,16,20,23,36,47,67,71,78,78,78,182,0,15,20.826516405117676,8.931355987442657,109.43390900501981,11447.0
1781277302,90,GET,/api/products,8.800000,0.000000,14,16,19,22,37,50,53,65,69,69,69,146,0,15,20.729065431586516,9.006572014186531,110.38740500225686,6136.0
1781277302,90,GET,/cart,4.800000,0.000000,15,18,19,21,33,50,1100,1100,1100,1100,1100,73,0,15,48.66915472826206,10.46232899534516,1065.462900995044,9400.0
1781277302,90,POST,/cart,4.400000,0.000000,15,18,24,29,42,64,72,72,72,72,72,70,0,15,22.36636445824323,9.49716501054354,103.83614100283012,9400.0
1781277302,90,,Aggregated,30.700000,0.000000,14,17,20,23,37,50,67,72,1100,1100,1100,471,0,15,25.340474195293428,8.931355987442657,1065.462900995044,9179.214437367304
1781277303,95,GET,/,12.700000,0.000000,14,18,20,23,33,43,67,71,78,78,78,205,0,15,20.551925661928223,8.931355987442657,109.43390900501981,11447.0
1781277303,95,GET,/api/products,8.800000,0.000000,14,16,20,22,37,50,53,65,69,69,69,160,0,14,20.553081574871612,8.911494980566204,110.38740500225686,6136.0
1781277303,95,GET,/cart,4.800000,0.000000,15,16,19,20,32,50,1100,1100,1100,1100,1100,79,0,15,46.14863698915991,9.413438994670287,1065.462900995044,9400.0
1781277303,95,POST,/cart,4.400000,0.000000,16,19,23,24,41,64,64,64,64,64,64,75,0,15,22.144187334148835,9.49716501054354,103.83614100283012,9400.0
1781277303,95,,Aggregated,30.700000,0.000000,14,17,20,23,35,47,64,71,1100,1100,1100,519,0,15,24.678601512291984,8.911494980566204,1065.462900995044,9202.302504816957
1781277304,100,GET,/,14.100000,0.000000,14,18,20,23,32,40,55,59,67,67,67,227,0,15,20.61612177847901,8.931355987442657,109.43390900501981,11447.0
1781277304,100,GET,/api/products,10.500000,0.000000,14,17,22,26,37,50,58,65,69,69,69,182,0,15,20.679531636383068,8.71679198462516,110.38740500225686,6136.0
1781277304,100,GET,/cart,5.900000,0.000000,15,16,18,19,29,34,1100,1100,1100,1100,1100,89,0,15,42.39911799060097,7.269458990776911,1065.462900995044,9400.0
1781277304,100,POST,/cart,5.400000,0.000000,18,21,24,29,41,64,64,64,64,64,64,80,0,16,22.250794650244643,9.49716501054354,103.83614100283012,9400.0
1781277304,100,,Aggregated,35.900000,0.000000,14,18,20,23,33,43,64,67,1100,1100,1100,578,0,15,24.21646967944552,7.269458990776911,1065.462900995044,9176.16089965398
1781277305,105,GET,/,15.300000,0.000000,14,18,21,24,33,47,90,96,98,98,98,255,0,15,21.580940724336816,8.668499998748302,109.43390900501981,11447.0
1781277305,105,GET,/api/products,11.700000,0.000000,15,18,24,29,38,52,58,60,71,71,71,193,0,15,21.14526060554006,8.71679198462516,110.38740500225686,6136.0
1781277305,105,GET,/cart,6.300000,0.000000,15,16,18,20,29,34,1100,1100,1100,1100,1100,97,0,15,40.229881012190575,7.269458990776911,1065.462900995044,9400.0
1781277305,105,POST,/cart,5.300000,0.000000,18,23,24,29,41,64,95,96,96,96,96,89,0,16,23.735077314607256,9.49716501054354,103.83614100283012,9400.0
1781277305,105,,Aggregated,38.600000,0.000000,15,18,22,25,35,50,84,96,1100,1100,1100,634,0,15,24.60393615261459,7.269458990776911,1065.462900995044,9229.705047318612
1781277306,110,GET,/,15.900000,0.000000,14,18,20,24,32,40,90,96,98,98,98,279,0,15,21.16739419574756,8.668499998748302,109.43390900501981,11447.0
1781277306,110,GET,/api/products,13.400000,0.000000,14,17,23,27,37,52,58,60,71,71,71,209,0,15,20.637644807842637,8.71679198462516,110.38740500225686,6136.0
1781277306,110,GET,/cart,6.900000,0.000000,14,17,19,20,29,34,1100,1100,1100,1100,1100,102,0,15,39.24288501130992,7.269458990776911,1065.462900995044,9400.0
1781277306,110,POST,/cart,5.500000,0.000000,18,23,24,29,41,64,95,96,96,96,96,96,0,16,23.540903885380732,9.49716501054354,103.83614100283012,9400.0
1781277306,110,,Aggregated,41.700000,0.000000,15,18,21,24,33,46,84,96,1100,1100,1100,686,0,15,24.02576062624321,7.269458990776911,1065.462900995044,9238.10058309038
1781277307,115,GET,/,17.300000,0.000000,15,18,21,24,33,40,90,96,98,98,98,308,0,15,20.923302596391107,8.668499998748302,109.43390900501981,11447.0
1781277307,115,GET,/api/products,13.800000,0.000000,15,17,22,26,33,42,58,60,71,71,71,230,0,15,20.439021786011796,8.71679198462516,110.38740500225686,6136.0
1781277307,115,GET,/cart,7.400000,0.000000,14,15,17,19,28,32,1100,1100,1100,1100,1100,109,0,15,37.56818890041851,7.269458990776911,1065.462900995044,9400.0
1781277307,115,POST,/cart,5.800000,0.000000,16,20,24,26,37,42,95,96,96,96,96,111,0,15,22.61801263074147,9.49716501054354,103.83614100283012,9400.0
1781277307,115,,Aggregated,44.300000,0.000000,15,18,20,24,33,42,71,96,1100,1100,1100,758,0,15,23.418053037769255,7.269458990776911,1065.462900995044,9241.366754617415
1781277308,120,GET,/,18.600000,0.000000,15,19,22,25,35,51,90,96,98,98,98,326,0,15,21.241700891483905,8.668499998748302,109.43390900501981,11447.0
1781277308,120,GET,/api/products,14.000000,0.000000,15,18,22,26,35,52,71,79,83,83,83,247,0,15,20.661410570087153,8.71679198462516,110.38740500225686,6136.0
1781277308,120,GET,/cart,7.700000,0.000000,14,15,17,19,29,35,1100,1100,1100,1100,1100,123,0,15,35.42434157802708,7.269458990776911,1065.462900995044,9400.0
1781277308,120,POST,/cart,6.100000,0.000000,15,20,22,24,37,42,95,96,96,96,96,120,0,15,22.10497610891859,9.49716501054354,103.83614100283012,9400.0
1781277308,120,,Aggregated,46.400000,0.000000,15,18,21,24,33,46,83,96,1100,1100,1100,816,0,15,23.330826039954463,7.269458990776911,1065.462900995044,9229.796568627451
1781277309,125,GET,/,20.100000,0.000000,16,19,23,25,38,55,84,96,98,98,98,357,0,15,21.283492422303972,8.668499998748302,109.43390900501981,11447.0
1781277309,125,GET,/api/products,15.400000,0.000000,14,18,22,26,35,52,60,79,83,83,83,268,0,14,20.37808230149372,8.55952300480567,110.38740500225686,6136.0
1781277309,125,GET,/cart,7.300000,0.000000,14,15,18,20,30,59,1100,1100,1100,1100,1100,128,0,15,35.053780047974215,7.269458990776911,1065.462900995044,9400.0
1781277309,125,POST,/cart,7.300000,0.000000,15,20,23,24,37,46,95,96,96,96,96,131,0,15,21.86826932913169,9.49716501054354,103.83614100283012,9400.0
1781277309,125,,Aggregated,50.100000,0.000000,15,19,22,25,35,52,80,96,1100,1100,1100,884,0,15,23.08954748848392,7.269458990776911,1065.462900995044,9237.134615384615
1781277310,130,GET,/,20.600000,0.000000,16,19,23,27,40,55,84,96,98,98,98,387,0,15,21.075659856944434,8.668499998748302,109.43390900501981,11447.0
1781277310,130,GET,/api/products,15.500000,0.000000,14,18,21,24,35,52,60,79,83,83,83,285,0,14,20.01413663792048,8.55952300480567,110.38740500225686,6136.0
1781277310,130,GET,/cart,8.000000,0.000000,14,16,18,20,30,59,1100,1100,1100,1100,1100,136,0,15,33.816772883309405,7.269458990776911,1065.462900995044,9400.0
1781277310,130,POST,/cart,7.600000,0.000000,17,21,24,29,41,46,95,96,96,96,96,136,0,15,21.998156508369206,8.568143006414175,103.83614100283012,9400.0
1781277310,130,,Aggregated,51.700000,0.000000,15,19,22,25,37,52,80,96,1100,1100,1100,944,0,15,22.72366494037407,7.269458990776911,1065.462900995044,9253.759533898305
1781277311,135,GET,/,22.000000,0.000000,16,19,24,27,38,53,84,96,98,98,98,421,0,15,20.900412497769892,8.668499998748302,109.43390900501981,11447.0
1781277311,135,GET,/api/products,16.600000,0.000000,14,18,21,24,33,41,60,79,83,83,83,306,0,14,19.896384038706767,8.55952300480567,110.38740500225686,6136.0
1781277311,135,GET,/cart,7.900000,0.000000,13,15,17,19,27,32,59,69,69,69,69,144,0,15,32.79994015388689,7.269458990776911,1065.462900995044,9400.0
1781277311,135,POST,/cart,8.100000,0.000000,16,20,23,24,37,46,95,96,96,96,96,146,0,15,21.603615857239763,8.568143006414175,103.83614100283012,9400.0
1781277311,135,,Aggregated,54.600000,0.000000,15,19,21,25,34,45,71,90,98,98,98,1017,0,15,22.384155825685458,7.269458990776911,1065.462900995044,9265.2930186824
1781277312,140,GET,/,23.200000,0.000000,15,19,24,26,37,51,80,96,98,98,98,457,0,15,20.557583679908202,8.668499998748302,109.43390900501981,11447.0
1781277312,140,GET,/api/products,17.300000,0.000000,14,18,21,24,33,42,60,79,83,83,83,327,0,14,19.78680493832717,8.55952300480567,110.38740500225686,6136.0
1781277312,140,GET,/cart,7.800000,0.000000,13,15,18,20,28,35,59,69,69,69,69,148,0,15,32.507350190261036,7.269458990776911,1065.462900995044,9400.0
1781277312,140,POST,/cart,8.200000,0.000000,15,19,23,24,35,43,95,96,96,96,96,156,0,15,21.28270728299424,8.568143006414175,103.83614100283012,9400.0
1781277312,140,,Aggregated,56.500000,0.000000,15,18,22,25,35,43,69,90,98,98,98,1088,0,15,22.055414633140412,7.269458990776911,1065.462900995044,9278.81525735294
1781277313,145,GET,/,25.100000,0.000000,15,18,22,25,35,43,80,96,98,98,98,492,0,15,20.23083806639855,8.668499998748302,109.43390900501981,11447.0
1781277313,145,GET,/api/products,18.000000,0.000000,14,17,19,22,31,42,60,79,83,83,83,346,0,14,19.62927560072333,8.499010000377893,110.38740500225686,6136.0
1781277313,145,GET,/cart,8.000000,0.000000,14,17,19,20,27,35,59,69,69,69,69,161,0,15,31.265297417076283,7.269458990776911,1065.462900995044,9400.0
1781277313,145,POST,/cart,8.400000,0.000000,15,19,22,24,35,43,95,96,96,96,96,164,0,15,21.22318707392324,8.568143006414175,103.83614100283012,9400.0
1781277313,145,,Aggregated,59.500000,0.000000,14,18,21,24,34,42,69,90,98,98,98,1163,0,15,21.71936135063719,7.269458990776911,1065.462900995044,9294.909716251075
1781277314,150,GET,/,27.300000,0.000000,15,18,21,24,33,38,51,59,80,80,80,535,0,15,19.979454588066684,8.063840999966487,109.43390900501981,11447.0
1781277314,150,GET,/api/products,18.400000,0.000000,14,17,19,19,29,41,43,79,83,83,83,368,0,14,19.302613303886535,8.232300984673202,110.38740500225686,6136.0
1781277314,150,GET,/cart,7.600000,0.000000,15,18,20,21,30,37,59,69,69,69,69,169,0,15,30.784863095693346,7.269458990776911,1065.462900995044,9400.0
1781277314,150,POST,/cart,8.500000,0.000000,15,19,22,24,34,38,43,58,58,58,58,176,0,15,21.137964955249284,8.568143006414175,103.83614100283012,9400.0
1781277314,150,,Aggregated,61.800000,0.000000,14,18,20,23,32,39,47,59,83,83,83,1248,0,15,21.406485252998372,7.269458990776911,1065.462900995044,9315.058493589744
1781277315,150,GET,/,28.400000,0.000000,14,18,21,23,33,38,51,59,80,80,80,565,0,15,19.663139335570065,8.063840999966487,109.43390900501981,11447.0
1781277315,150,GET,/api/products,18.600000,0.000000,14,17,19,20,29,41,43,79,83,83,83,389,0,14,19.025659948021204,8.232300984673202,110.38740500225686,6136.0
1781277315,150,GET,/cart,8.100000,0.000000,14,16,19,20,30,37,59,69,69,69,69,177,0,15,30.060057390854816,7.269458990776911,1065.462900995044,9400.0
1781277315,150,POST,/cart,8.900000,0.000000,15,18,20,22,27,38,43,58,58,58,58,188,0,15,20.58828262298893,8.568143006414175,103.83614100283012,9400.0
1781277315,150,,Aggregated,64.000000,0.000000,14,17,20,22,30,38,47,59,83,83,83,1319,0,15,21.002185546384045,7.269458990776911,1065.462900995044,9314.22213798332
1781277316,150,GET,/,30.700000,0.000000,14,18,21,23,31,38,53,59,80,80,80,598,0,15,19.526240639795432,8.063840999966487,109.43390900501981,11447.0
1781277316,150,GET,/api/products,18.600000,0.000000,14,17,18,19,29,41,51,79,83,83,83,407,0,14,19.03191224757138,8.232300984673202,110.38740500225686,6136.0
1781277316,150,GET,/cart,7.900000,0.000000,15,18,20,21,27,33,59,69,69,69,69,190,0,15,29.142969922242244,7.269458990776911,1065.462900995044,9400.0
1781277316,150,POST,/cart,9.600000,0.000000,15,18,20,22,28,35,43,58,58,58,58,203,0,15,20.363519946285273,8.568143006414175,103.83614100283012,9400.0
1781277316,150,,Aggregated,66.800000,0.000000,14,17,20,22,29,38,51,59,83,83,83,1398,0,15,20.810900587754762,7.269458990776911,1065.462900995044,9325.363376251787
1781277317,150,GET,/,30.800000,0.000000,14,18,21,22,31,38,47,57,63,63,63,628,0,15,19.64519000262768,8.063840999966487,109.43390900501981,11447.0
1781277317,150,GET,/api/products,19.600000,0.000000,14,16,18,19,25,38,43,51,58,58,58,423,0,14,18.81307962842629,8.232300984673202,110.38740500225686,6136.0
1781277317,150,GET,/cart,7.900000,0.000000,15,18,20,21,27,33,41,59,59,59,59,201,0,15,28.36044667785598,7.269458990776911,1065.462900995044,9400.0
1781277317,150,POST,/cart,9.800000,0.000000,15,17,20,22,28,35,43,58,58,58,58,215,0,15,20.048023972709036,8.568143006414175,103.83614100283012,9400.0
1781277317,150,,Aggregated,68.100000,0.000000,14,17,19,21,28,37,43,57,63,63,63,1467,0,15,20.658409639301976,7.269458990776911,1065.462900995044,9335.135650988412
1781277318,150,GET,/,31.800000,0.000000,14,17,20,22,29,37,43,56,63,63,63,660,0,15,19.56422807684937,7.753134006634355,109.43390900501981,11447.0
1781277318,150,GET,/api/products,19.500000,0.000000,14,17,18,19,23,38,42,51,58,58,58,446,0,14,18.755166683512563,8.232300984673202,110.38740500225686,6136.0
1781277318,150,GET,/cart,8.600000,0.000000,14,17,19,21,25,30,37,41,41,41,41,207,0,15,27.98011884639368,7.269458990776911,1065.462900995044,9400.0
1781277318,150,POST,/cart,10.500000,0.000000,15,17,18,22,27,34,42,43,43,43,43,226,0,15,19.783968119820234,8.568143006414175,103.83614100283012,9400.0
1781277318,150,,Aggregated,70.400000,0.000000,14,17,19,21,27,36,42,47,63,63,63,1539,0,15,20.493993676315824,7.269458990776911,1065.462900995044,9331.95321637427
1781277319,150,GET,/,31.700000,0.000000,14,17,20,22,29,37,45,56,63,63,63,698,0,15,19.43649691498717,7.641706004505977,109.43390900501981,11447.0
1781277319,150,GET,/api/products,19.300000,0.000000,14,17,18,19,27,38,43,51,58,58,58,472,0,14,18.607432046368466,8.232300984673202,110.38740500225686,6136.0
1781277319,150,GET,/cart,9.200000,0.000000,14,17,19,21,27,33,48,55,55,55,55,217,0,15,27.60163431880944,7.269458990776911,1065.462900995044,9400.0
1781277319,150,POST,/cart,10.400000,0.000000,14,16,18,18,26,29,34,35,42,42,42,242,0,15,19.251446653237327,8.396360994083807,103.83614100283012,9400.0
1781277319,150,,Aggregated,70.600000,0.000000,14,17,19,21,27,36,42,53,63,63,63,1629,0,14,20.25646869847271,7.269458990776911,1065.462900995044,9331.367710251689
1781277320,150,GET,/,33.200000,0.000000,14,17,19,21,28,36,46,56,63,63,63,728,0,15,19.325497849882137,7.641706004505977,109.43390900501981,11447.0
1781277320,150,GET,/api/products,19.900000,0.000000,14,16,18,19,24,39,44,51,58,58,58,485,0,14,18.555205622471906,8.232300984673202,110.38740500225686,6136.0
1781277320,150,GET,/cart,8.300000,0.000000,14,16,18,19,25,33,48,55,55,55,55,229,0,14,26.827243280009363,7.269458990776911,1065.462900995044,9400.0
1781277320,150,POST,/cart,10.600000,0.000000,14,16,18,20,27,29,34,41,42,42,42,250,0,15,19.197484604315832,8.396360994083807,103.83614100283012,9400.0
1781277320,150,,Aggregated,72.000000,0.000000,14,16,18,20,27,36,44,55,63,63,63,1692,0,14,20.101091621639583,7.269458990776911,1065.462900995044,9345.139479905438
1781277321,150,GET,/,33.900000,0.000000,14,17,19,21,28,36,46,56,63,63,63,762,0,15,19.241746473404167,7.641706004505977,109.43390900501981,11447.0
1781277321,150,GET,/api/products,20.300000,0.000000,14,16,18,19,23,38,49,51,58,58,58,510,0,14,18.51038246064027,8.232300984673202,110.38740500225686,6136.0
1781277321,150,GET,/cart,8.800000,0.000000,14,16,18,19,25,41,55,66,66,66,66,241,0,14,26.580286697369587,7.269458990776911,1065.462900995044,9400.0
1781277321,150,POST,/cart,10.800000,0.000000,14,16,18,20,27,30,41,42,57,57,57,257,0,15,19.33083323757744,8.396360994083807,103.83614100283012,9400.0
1781277321,150,,Aggregated,73.800000,0.000000,14,16,18,20,27,37,48,56,66,66,66,1770,0,14,20.043152036036147,7.269458990776911,1065.462900995044,9340.77627118644
1781277322,150,GET,/,34.200000,0.000000,14,17,19,22,30,37,53,56,63,63,63,794,0,15,19.24238489003575,7.641706004505977,109.43390900501981,11447.0
1781277322,150,GET,/api/products,19.900000,0.000000,14,16,18,19,24,38,51,58,66,66,66,532,0,14,18.56026624815619,8.232300984673202,110.38740500225686,6136.0
1781277322,150,GET,/cart,9.300000,0.000000,14,16,19,20,29,41,55,66,66,66,66,248,0,14,26.3223576895994,7.269458990776911,1065.462900995044,9400.0
1781277322,150,POST,/cart,11.400000,0.000000,14,16,18,18,26,29,41,42,57,57,57,270,0,15,19.197255441233413,8.396360994083807,103.83614100283012,9400.0
1781277322,150,,Aggregated,74.800000,0.000000,14,16,19,20,27,37,51,57,66,66,66,1844,0,14,19.991170782462664,7.269458990776911,1065.462900995044,9339.734273318873
1781277323,150,GET,/,34.000000,0.000000,14,17,20,22,29,38,56,58,63,63,63,826,0,15,19.198733505459735,7.641706004505977,109.43390900501981,11447.0
1781277323,150,GET,/api/products,20.200000,0.000000,14,17,19,21,27,38,51,58,66,66,66,557,0,14,18.611018655234798,8.232300984673202,110.38740500225686,6136.0
1781277323,150,GET,/cart,9.400000,0.000000,14,16,19,20,28,46,55,66,66,66,66,258,0,15,26.180224403239922,7.269458990776911,1065.462900995044,9400.0
1781277323,150,POST,/cart,11.000000,0.000000,13,16,17,18,23,28,34,41,57,57,57,281,0,15,18.952238352743915,8.116412005620077,103.83614100283012,9400.0
1781277323,150,,Aggregated,74.600000,0.000000,14,17,19,21,28,38,51,57,66,66,66,1922,0,14,19.929535972753623,7.269458990776911,1065.462900995044,9333.805411030176
1781277324,150,GET,/,33.600000,0.000000,15,17,21,22,30,38,56,58,63,63,63,851,0,15,19.113138385879566,7.641706004505977,109.43390900501981,11447.0
1781277324,150,GET,/api/products,20.500000,0.000000,14,17,20,21,28,38,51,58,66,66,66,583,0,14,18.499324999899024,8.232300984673202,110.38740500225686,6136.0
1781277324,150,GET,/cart,10.000000,0.000000,14,17,19,20,28,46,55,66,66,66,66,269,0,14,25.778546044559715,7.269458990776911,1065.462900995044,9400.0
1781277324,150,POST,/cart,11.100000,0.000000,14,16,18,18,23,28,34,41,57,57,57,289,0,14,18.780016287646472,8.116412005620077,103.83614100283012,9400.0
1781277324,150,,Aggregated,75.200000,0.000000,14,17,19,21,28,38,51,57,66,66,66,1992,0,14,19.78526146307281,7.269458990776911,1065.462900995044,9319.21937751004
1781277325,150,GET,/,33.300000,0.000000,14,17,20,22,30,38,53,58,63,63,63,884,0,14,18.92695093349126,7.641706004505977,109.43390900501981,11447.0
1781277325,150,GET,/api/products,20.600000,0.000000,14,16,19,20,26,36,44,49,66,66,66,610,0,14,18.251595601485278,7.989617995917797,110.38740500225686,6136.0
1781277325,150,GET,/cart,9.700000,0.000000,14,16,18,20,29,46,55,66,66,66,66,278,0,14,25.388947816393102,7.269458990776911,1065.462900995044,9400.0
1781277325,150,POST,/cart,11.700000,0.000000,13,15,17,18,22,27,41,57,57,57,57,294,0,14,18.668643425501482,8.116412005620077,103.83614100283012,9400.0
1781277325,150,,Aggregated,75.300000,0.000000,14,16,19,21,27,38,49,56,66,66,66,2066,0,14,19.56031297297532,7.269458990776911,1065.462900995044,9312.152952565344
1781277326,150,GET,/,31.500000,0.000000,14,16,19,21,28,37,53,58,63,63,63,917,0,14,18.77700943652654,7.371052983216941,109.43390900501981,11447.0
1781277326,150,GET,/api/products,21.200000,0.000000,14,17,20,21,28,38,48,50,66,66,66,635,0,14,18.27377050846456,7.848012988688424,110.38740500225686,6136.0
1781277326,150,GET,/cart,10.100000,0.000000,14,16,19,22,30,48,55,66,66,66,66,286,0,14,25.257333174573382,7.269458990776911,1065.462900995044,9400.0
1781277326,150,POST,/cart,11.200000,0.000000,13,15,17,18,23,27,41,57,57,57,57,304,0,14,18.539112089025654,8.116412005620077,103.83614100283012,9400.0
1781277326,150,,Aggregated,74.000000,0.000000,14,16,19,21,28,38,49,56,66,66,66,2142,0,14,19.459313393632875,7.269458990776911,1065.462900995044,9308.71101774043
1781277327,150,GET,/,31.900000,0.000000,14,16,18,20,27,31,45,53,58,58,58,950,0,14,18.661904091836494,7.371052983216941,109.43390900501981,11447.0
1781277327,150,GET,/api/products,21.800000,0.000000,14,17,20,21,27,36,48,50,66,66,66,657,0,14,18.19405668323698,7.848012988688424,110.38740500225686,6136.0
1781277327,150,GET,/cart,10.100000,0.000000,14,16,18,20,30,48,55,66,66,66,66,296,0,14,24.89923417532417,7.269458990776911,1065.462900995044,9400.0
1781277327,150,POST,/cart,10.700000,0.000000,12,15,18,19,23,28,45,57,57,57,57,317,0,14,18.49187280766428,8.116412005620077,103.83614100283012,9400.0
1781277327,150,,Aggregated,74.500000,0.000000,14,16,19,21,27,34,48,53,66,66,66,2220,0,14,19.330811317142746,7.269458990776911,1065.462900995044,9310.0009009009
1781277328,150,GET,/,32.000000,0.000000,14,16,18,21,26,31,39,56,59,59,59,974,0,14,18.62423053615845,7.371052983216941,109.43390900501981,11447.0
1781277328,150,GET,/api/products,23.000000,0.000000,14,17,20,21,27,33,48,50,66,66,66,676,0,14,18.09322702940023,7.848012988688424,110.38740500225686,6136.0
1781277328,150,GET,/cart,9.800000,0.000000,14,17,19,21,29,46,51,66,66,66,66,310,0,14,24.643331767161257,7.269458990776911,1065.462900995044,9400.0
1781277328,150,POST,/cart,10.300000,0.000000,13,16,19,20,23,29,45,57,57,57,57,328,0,14,18.40501569517428,8.116412005620077,103.83614100283012,9400.0
1781277328,150,,Aggregated,75.100000,0.000000,14,16,19,21,26,33,48,51,66,66,66,2288,0,14,19.25144231203236,7.269458990776911,1065.462900995044,9307.042832167832
1781277329,150,GET,/,32.100000,0.000000,14,16,18,20,24,31,38,49,59,59,59,998,0,14,18.50065958943033,7.371052983216941,109.43390900501981,11447.0
1781277329,150,GET,/api/products,23.200000,0.000000,14,16,19,21,26,32,40,49,66,66,66,703,0,14,17.90192999839279,7.848012988688424,110.38740500225686,6136.0
1781277329,150,GET,/cart,9.500000,0.000000,15,17,19,21,29,46,51,66,66,66,66,326,0,14,24.131463447523565,7.269458990776911,1065.462900995044,9400.0
1781277329,150,POST,/cart,9.900000,0.000000,14,17,18,20,23,28,45,57,57,57,57,343,0,14,18.234683420310887,8.116412005620077,103.83614100283012,9400.0
1781277329,150,,Aggregated,74.700000,0.000000,14,16,18,20,25,31,46,50,66,66,66,2370,0,14,19.059100656616422,7.269458990776911,1065.462900995044,9293.803375527426
1781277330,150,GET,/,31.500000,0.000000,14,16,19,20,25,31,38,49,59,59,59,1028,0,14,18.492286179230796,7.371052983216941,109.43390900501981,11447.0
1781277330,150,GET,/api/products,22.900000,0.000000,14,17,20,21,26,32,40,48,66,66,66,727,0,14,17.869051456465186,7.848012988688424,110.38740500225686,6136.0
1781277330,150,GET,/cart,10.300000,0.000000,15,18,20,22,29,46,51,66,66,66,66,331,0,14,23.990507818370904,7.269458990776911,1065.462900995044,9400.0
1781277330,150,POST,/cart,10.100000,0.000000,14,17,18,20,22,28,45,57,57,57,57,351,0,14,18.196607661464032,7.9341179807670414,103.83614100283012,9400.0
1781277330,150,,Aggregated,74.800000,0.000000,14,17,19,20,26,31,46,50,66,66,66,2437,0,14,19.01056133695285,7.269458990776911,1065.462900995044,9289.777595404186
1781277331,150,GET,/,30.200000,0.000000,14,16,18,20,24,27,37,45,59,59,59,1057,0,14,18.46216612230271,7.371052983216941,109.43390900501981,11447.0
1781277331,150,GET,/api/products,23.100000,0.000000,14,16,19,21,26,31,40,50,76,76,76,749,0,14,17.92401611596378,7.848012988688424,110.38740500225686,6136.0
1781277331,150,GET,/cart,10.800000,0.000000,14,16,18,20,25,38,48,48,51,51,51,349,0,14,23.55254847810865,7.269458990776911,1065.462900995044,9400.0
1781277331,150,POST,/cart,10.400000,0.000000,14,16,18,20,22,28,37,45,45,45,45,360,0,14,18.17398120062232,7.9341179807670414,103.83614100283012,9400.0
1781277331,150,,Aggregated,74.500000,0.000000,14,16,18,20,24,30,40,48,76,76,76,2515,0,14,18.967025969469102,7.269458990776911,1065.462900995044,9288.247713717694
1781277332,150,GET,/,30.100000,0.000000,14,16,18,19,22,26,37,45,59,59,59,1077,0,14,18.40081592977865,7.371052983216941,109.43390900501981,11447.0
1781277332,150,GET,/api/products,24.100000,0.000000,14,16,17,20,25,31,40,50,76,76,76,767,0,14,17.80552040010562,7.848012988688424,110.38740500225686,6136.0
1781277332,150,GET,/cart,10.200000,0.000000,14,16,18,19,23,30,48,48,48,48,48,355,0,14,23.41283930663977,7.269458990776911,1065.462900995044,9400.0
1781277332,150,POST,/cart,10.100000,0.000000,14,16,18,19,22,24,37,45,45,45,45,375,0,14,18.044369251312066,7.9341179807670414,103.83614100283012,9400.0
1781277332,150,,Aggregated,74.500000,0.000000,14,16,18,19,23,28,38,48,76,76,76,2574,0,14,18.862746436034094,7.269458990776911,1065.462900995044,9283.889277389277
1781277333,150,GET,/,29.500000,0.000000,14,17,19,20,24,27,38,45,59,59,59,1114,0,14,18.422144134033594,7.371052983216941,109.43390900501981,11447.0
1781277333,150,GET,/api/products,24.100000,0.000000,14,16,18,20,28,31,50,64,76,76,76,789,0,14,18.004801586565133,7.848012988688424,110.38740500225686,6136.0
1781277333,150,GET,/cart,11.100000,0.000000,14,16,19,20,23,41,48,50,50,50,50,368,0,14,23.357723942630717,7.269458990776911,1065.462900995044,9400.0
1781277333,150,POST,/cart,10.400000,0.000000,14,16,19,20,23,37,48,63,63,63,63,388,0,14,18.196879575474874,7.9341179807670414,103.83614100283012,9400.0
1781277333,150,,Aggregated,75.100000,0.000000,14,16,19,20,24,31,46,58,76,76,76,2659,0,14,18.94851023064523,7.269458990776911,1065.462900995044,9289.079353140278
1781277334,150,GET,/,28.300000,0.000000,15,18,19,21,25,31,39,45,59,59,59,1145,0,15,18.473168671935365,7.371052983216941,109.43390900501981,11447.0
1781277334,150,GET,/api/products,23.300000,0.000000,14,16,20,21,28,35,63,64,76,76,76,805,0,14,18.00473491391543,7.848012988688424,110.38740500225686,6136.0
1781277334,150,GET,/cart,10.600000,0.000000,15,17,19,21,29,35,48,48,50,50,50,379,0,15,23.23276807357788,7.269458990776911,1065.462900995044,9400.0
1781277334,150,POST,/cart,10.600000,0.000000,14,16,19,20,24,36,46,48,63,63,63,403,0,14,18.133786926248224,7.9341179807670414,103.83614100283012,9400.0
1781277334,150,,Aggregated,72.800000,0.000000,14,17,19,21,26,34,46,58,76,76,76,2732,0,14,18.945360529367484,7.269458990776911,1065.462900995044,9296.154831625183
1781277335,150,GET,/,28.900000,0.000000,15,18,20,21,26,32,39,45,59,59,59,1175,0,15,18.398196859027635,7.371052983216941,109.43390900501981,11447.0
1781277335,150,GET,/api/products,23.500000,0.000000,14,16,20,22,28,35,63,64,76,76,76,832,0,14,18.018258479269907,7.848012988688424,110.38740500225686,6136.0
1781277335,150,GET,/cart,11.000000,0.000000,14,17,19,19,23,35,48,48,50,50,50,387,0,14,23.06399137192004,7.269458990776911,1065.462900995044,9400.0
1781277335,150,POST,/cart,10.600000,0.000000,15,17,19,20,25,36,46,48,63,63,63,407,0,14,18.14589958053874,7.9341179807670414,103.83614100283012,9400.0
1781277335,150,,Aggregated,74.000000,0.000000,14,17,19,21,26,34,45,58,76,76,76,2801,0,14,18.893330294295737,7.269458990776911,1065.462900995044,9289.174223491611
1781277336,150,GET,/,29.500000,0.000000,15,18,20,21,26,32,39,45,59,59,59,1205,0,15,18.330219673225656,7.371052983216941,109.43390900501981,11447.0
1781277336,150,GET,/api/products,22.100000,0.000000,14,16,20,22,28,35,63,64,76,76,76,849,0,14,17.983986632264955,7.848012988688424,110.38740500225686,6136.0
1781277336,150,GET,/cart,11.000000,0.000000,14,16,19,19,23,35,48,48,50,50,50,397,0,14,22.851392231551433,7.269458990776911,1065.462900995044,9400.0
1781277336,150,POST,/cart,11.300000,0.000000,15,16,19,20,24,35,46,48,63,63,63,415,0,14,18.07795189705352,7.9341179807670414,103.83614100283012,9400.0
1781277336,150,,Aggregated,73.900000,0.000000,14,17,19,21,26,34,45,58,76,76,76,2866,0,14,18.817401294568384,7.269458990776911,1065.462900995044,9293.754012561061
1781277337,150,GET,/,29.200000,0.000000,15,18,20,21,25,31,38,41,58,58,58,1238,0,15,18.25892826022621,7.371052983216941,109.43390900501981,11447.0
1781277337,150,GET,/api/products,22.300000,0.000000,14,17,21,23,29,35,63,64,76,76,76,870,0,14,17.951816496313494,7.848012988688424,110.38740500225686,6136.0
1781277337,150,GET,/cart,10.900000,0.000000,14,16,19,20,29,30,35,48,50,50,50,410,0,14,22.71471865341726,7.269458990776911,1065.462900995044,9400.0
1781277337,150,POST,/cart,11.200000,0.000000,14,16,18,19,24,36,48,63,63,63,63,426,0,14,17.955151033555506,7.9341179807670414,103.83614100283012,9400.0
1781277337,150,,Aggregated,73.600000,0.000000,15,17,19,21,26,33,41,50,76,76,76,2944,0,14,18.74475629284936,7.269458990776911,1065.462900995044,9296.231657608696
1781277338,150,GET,/,28.500000,0.000000,15,18,20,22,26,32,38,41,58,58,58,1273,0,15,18.21835189560726,7.371052983216941,109.43390900501981,11447.0
1781277338,150,GET,/api/products,21.500000,0.000000,14,17,22,24,30,37,63,64,76,76,76,889,0,14,17.9657375284039,7.848012988688424,110.38740500225686,6136.0
1781277338,150,GET,/cart,11.100000,0.000000,15,16,19,20,29,33,48,50,50,50,50,422,0,14,22.484014163379143,7.269458990776911,1065.462900995044,9400.0
1781277338,150,POST,/cart,11.000000,0.000000,14,16,18,19,24,36,48,63,63,63,63,436,0,14,17.838295929506636,7.9341179807670414,103.83614100283012,9400.0
1781277338,150,,Aggregated,72.100000,0.000000,15,17,20,21,28,34,41,50,76,76,76,3020,0,14,18.68518332055298,7.269458990776911,1065.462900995044,9302.031456953642
1781277339,150,GET,/,28.700000,0.000000,15,18,20,21,25,32,38,39,58,58,58,1303,0,15,18.208968092940985,7.371052983216941,109.43390900501981,11447.0
1781277339,150,GET,/api/products,21.300000,0.000000,14,18,22,23,29,36,63,64,76,76,76,907,0,14,17.926598294078996,7.848012988688424,110.38740500225686,6136.0
1781277339,150,GET,/cart,11.200000,0.000000,15,17,19,20,29,30,35,48,50,50,50,436,0,15,22.30960525215311,7.269458990776911,1065.462900995044,9400.0
1781277339,150,POST,/cart,11.100000,0.000000,15,16,19,20,25,36,48,63,63,63,63,445,0,14,17.91862640732617,7.9341179807670414,103.83614100283012,9400.0
1781277339,150,,Aggregated,72.300000,0.000000,15,17,20,22,27,33,41,50,76,76,76,3091,0,14,18.66272621126841,7.269458990776911,1065.462900995044,9305.141701714656
1781277340,150,GET,/,29.800000,0.000000,15,18,20,22,25,31,36,39,48,48,48,1340,0,15,18.171772726293682,7.371052983216941,109.43390900501981,11447.0
1781277340,150,GET,/api/products,21.400000,0.000000,15,19,22,23,30,36,42,63,64,64,64,928,0,14,17.908378138693887,7.848012988688424,110.38740500225686,6136.0
1781277340,150,GET,/cart,11.200000,0.000000,15,17,19,21,29,33,48,50,50,50,50,447,0,15,22.128951129627517,7.269458990776911,1065.462900995044,9400.0
1781277340,150,POST,/cart,10.700000,0.000000,15,16,18,19,25,43,48,63,63,63,63,456,0,14,17.881965347138856,7.9341179807670414,103.83614100283012,9400.0
1781277340,150,,Aggregated,73.100000,0.000000,15,17,20,22,27,33,41,48,64,64,64,3171,0,14,18.61083813282254,7.269458990776911,1065.462900995044,9309.803847366762
1781277341,150,GET,/,30.000000,0.000000,15,18,20,22,25,32,38,39,61,61,61,1377,0,15,18.122526032911185,7.371052983216941,109.43390900501981,11447.0
1781277341,150,GET,/api/products,20.500000,0.000000,15,20,23,24,31,41,63,70,70,70,70,940,0,14,18.07725240394072,7.848012988688424,110.38740500225686,6136.0
1781277341,150,GET,/cart,11.100000,0.000000,15,17,19,22,30,35,48,50,55,55,55,456,0,15,22.13013412052022,7.269458990776911,1065.462900995044,9400.0
1781277341,150,POST,/cart,10.000000,0.000000,14,16,19,20,25,43,48,63,63,63,63,463,0,14,17.839049182095028,7.9341179807670414,103.83614100283012,9400.0
1781277341,150,,Aggregated,71.600000,0.000000,15,18,21,22,29,35,44,55,70,70,70,3236,0,14,18.633546519558156,7.269458990776911,1065.462900995044,9322.916872682325
1781277342,150,GET,/,30.500000,0.000000,15,17,19,21,24,32,38,41,61,61,61,1408,0,15,18.040251498095213,7.371052983216941,109.43390900501981,11447.0
1781277342,150,GET,/api/products,20.000000,0.000000,14,18,21,22,29,36,42,70,70,70,70,959,0,14,17.979810491955195,7.848012988688424,110.38740500225686,6136.0
1781277342,150,GET,/cart,11.300000,0.000000,15,17,19,21,29,33,39,55,55,55,55,466,0,14,21.935171115748254,7.269458990776911,1065.462900995044,9400.0
1781277342,150,POST,/cart,10.300000,0.000000,14,15,18,19,23,31,43,43,43,43,43,474,0,14,17.73983005571566,7.9341179807670414,103.83614100283012,9400.0
1781277342,150,,Aggregated,72.100000,0.000000,15,17,19,21,25,32,39,43,70,70,70,3307,0,14,18.52850969381645,7.269458990776911,1065.462900995044,9325.007559721802
1781277343,150,GET,/,31.900000,0.000000,15,17,18,19,23,26,33,38,61,61,61,1440,0,15,17.924919819011443,7.371052983216941,109.43390900501981,11447.0
1781277343,150,GET,/api/products,19.100000,0.000000,15,18,21,22,27,34,42,70,70,70,70,985,0,14,17.926659962212014,7.848012988688424,110.38740500225686,6136.0
1781277343,150,GET,/cart,10.800000,0.000000,14,16,18,19,25,30,39,55,55,55,55,475,0,14,21.74510029885967,7.269458990776911,1065.462900995044,9400.0
1781277343,150,POST,/cart,10.100000,0.000000,14,15,18,20,23,25,43,43,43,43,43,488,0,14,17.662109406598173,7.9341179807670414,103.83614100283012,9400.0
1781277343,150,,Aggregated,71.900000,0.000000,14,17,19,20,24,30,38,43,70,70,70,3388,0,14,18.423163115269645,7.269458990776911,1065.462900995044,9321.086186540731
1781277344,150,GET,/,32.600000,0.000000,15,17,18,20,24,31,35,46,61,61,61,1469,0,15,17.952016470056734,7.371052983216941,109.43390900501981,11447.0
1781277344,150,GET,/api/products,19.300000,0.000000,14,17,21,22,27,36,42,70,70,70,70,1005,0,14,17.865247225628664,7.848012988688424,110.38740500225686,6136.0
1781277344,150,GET,/cart,11.100000,0.000000,13,16,18,19,25,30,39,55,55,55,55,482,0,14,21.599428792347883,7.269458990776911,1065.462900995044,9400.0
1781277344,150,POST,/cart,10.100000,0.000000,14,15,18,20,24,31,43,43,43,43,43,506,0,14,17.600934635288738,7.5899130024481565,103.83614100283012,9400.0
1781277344,150,,Aggregated,73.100000,0.000000,14,17,19,21,24,31,39,44,70,70,70,3462,0,14,18.383328497873464,7.269458990776911,1065.462900995044,9321.063835932986
1781277345,150,GET,/,32.500000,0.000000,14,17,18,19,24,31,35,46,61,61,61,1500,0,15,17.880443261004984,7.371052983216941,109.43390900501981,11447.0
1781277345,150,GET,/api/products,19.300000,0.000000,14,17,20,21,26,34,42,70,70,70,70,1028,0,14,17.797431176790383,7.848012988688424,110.38740500225686,6136.0
1781277345,150,GET,/cart,10.800000,0.000000,13,16,18,19,25,30,39,55,55,55,55,493,0,14,21.450598480611564,7.269458990776911,1065.462900995044,9400.0
1781277345,150,POST,/cart,9.900000,0.000000,14,16,18,20,22,24,36,43,43,43,43,516,0,14,17.54669588082425,7.5899130024481565,103.83614100283012,9400.0
1781277345,150,,Aggregated,72.500000,0.000000,14,16,18,20,24,30,39,44,70,70,70,3537,0,14,18.305248591092678,7.269458990776911,1065.462900995044,9319.453774385072
1781277346,150,GET,/,31.900000,0.000000,14,17,18,19,23,31,35,46,61,61,61,1531,0,15,17.811801050618413,7.371052983216941,109.43390900501981,11447.0
1781277346,150,GET,/api/products,20.200000,0.000000,14,16,18,21,25,30,42,70,70,70,70,1053,0,14,17.711208386296725,7.848012988688424,110.38740500225686,6136.0
1781277346,150,GET,/cart,10.300000,0.000000,13,16,18,19,25,29,39,55,55,55,55,503,0,14,21.349144864664922,7.269458990776911,1065.462900995044,9400.0
1781277346,150,POST,/cart,10.300000,0.000000,13,16,18,20,23,25,43,43,43,43,43,525,0,14,17.461022842963715,7.5899130024481565,103.83614100283012,9400.0
1781277346,150,,Aggregated,72.700000,0.000000,14,16,18,20,24,30,39,44,70,70,70,3612,0,14,18.224093770417955,7.269458990776911,1065.462900995044,9316.10326688815
1781277347,150,GET,/,32.200000,0.000000,14,16,18,19,22,27,34,46,61,61,61,1561,0,14,17.715881277051885,7.371052983216941,109.43390900501981,11447.0
1781277347,150,GET,/api/products,19.600000,0.000000,13,15,18,19,24,30,42,70,70,70,70,1067,0,14,17.643070851750288,7.848012988688424,110.38740500225686,6136.0
1781277347,150,GET,/cart,10.400000,0.000000,13,16,18,18,24,29,39,55,55,55,55,520,0,14,21.11421619399782,7.269458990776911,1065.462900995044,9400.0
1781277347,150,POST,/cart,10.500000,0.000000,14,16,18,20,22,24,36,43,43,43,43,536,0,14,17.391317437518886,7.5899130024481565,103.83614100283012,9400.0
1781277347,150,,Aggregated,72.700000,0.000000,14,16,18,19,23,28,38,44,70,70,70,3684,0,14,18.12724914215107,7.269458990776911,1065.462900995044,9322.008414766558
1781277348,150,GET,/,32.500000,0.000000,14,16,18,19,22,28,43,48,61,61,61,1593,0,14,17.701825560237925,7.371052983216941,109.43390900501981,11447.0
1781277348,150,GET,/api/products,19.900000,0.000000,13,15,17,19,25,40,60,70,70,70,70,1094,0,14,17.678576512610196,7.848012988688424,110.38740500225686,6136.0
1781277348,150,GET,/cart,10.500000,0.000000,13,15,17,18,23,30,39,55,55,55,55,528,0,14,21.036104301002165,7.269458990776911,1065.462900995044,9400.0
1781277348,150,POST,/cart,11.000000,0.000000,14,16,20,20,24,26,43,43,48,48,48,547,0,14,17.499937553040027,7.5899130024481565,103.83614100283012,9400.0
1781277348,150,,Aggregated,73.900000,0.000000,14,16,18,19,23,30,43,48,70,70,70,3762,0,14,18.133678823683308,7.269458990776911,1065.462900995044,9317.611642743223
1781277349,150,GET,/,32.300000,0.000000,14,16,18,19,22,30,43,48,63,63,63,1629,0,14,17.719110914960815,7.371052983216941,109.43390900501981,11447.0
1781277349,150,GET,/api/products,19.600000,0.000000,13,15,17,18,25,34,60,70,70,70,70,1112,0,14,17.632392467564497,7.848012988688424,110.38740500225686,6136.0
1781277349,150,GET,/cart,11.300000,0.000000,13,16,18,18,25,33,55,63,63,63,63,537,0,14,21.059233094765016,7.269458990776911,1065.462900995044,9400.0
1781277349,150,POST,/cart,11.000000,0.000000,13,16,19,20,24,25,36,40,48,48,48,559,0,14,17.456545068872828,7.382888987194747,103.83614100283012,9400.0
1781277349,150,,Aggregated,74.200000,0.000000,14,16,18,19,23,31,44,60,70,70,70,3837,0,14,18.123187117485436,7.269458990776911,1065.462900995044,9323.115715402659
1781277350,150,GET,/,31.500000,0.000000,14,16,17,18,22,29,42,46,63,63,63,1670,0,14,17.654051859535468,7.371052983216941,109.43390900501981,11447.0
1781277350,150,GET,/api/products,20.300000,0.000000,13,15,16,17,23,27,40,60,66,66,66,1132,0,14,17.59103623224182,7.848012988688424,110.38740500225686,6136.0
1781277350,150,GET,/cart,10.600000,0.000000,13,15,17,18,21,33,38,63,63,63,63,545,0,14,21.00092551543873,7.269458990776911,1065.462900995044,9400.0
1781277350,150,POST,/cart,11.000000,0.000000,13,16,19,20,24,26,36,40,48,48,48,564,0,14,17.46291785723041,7.382888987194747,103.83614100283012,9400.0
1781277350,150,,Aggregated,73.400000,0.000000,14,16,17,18,22,29,39,46,66,66,66,3911,0,14,18.07463812265764,7.269458990776911,1065.462900995044,9329.338276655586
1781277351,150,GET,/,32.500000,0.000000,14,16,18,19,24,33,46,53,81,81,81,1706,0,15,17.751819488508787,7.371052983216941,109.43390900501981,11447.0
1781277351,150,GET,/api/products,20.400000,0.000000,14,15,17,18,25,30,42,60,66,66,66,1152,0,14,17.605359527705232,7.848012988688424,110.38740500225686,6136.0
1781277351,150,GET,/cart,10.000000,0.000000,13,17,18,18,28,35,63,73,73,73,73,553,0,14,21.097069549556167,7.269458990776911,1065.462900995044,9400.0
1781277351,150,POST,/cart,11.400000,0.000000,13,17,20,21,24,34,40,48,48,48,48,573,0,14,17.42224369889262,7.382888987194747,103.83614100283012,9400.0
1781277351,150,,Aggregated,74.300000,0.000000,14,16,18,19,24,33,43,60,81,81,81,3984,0,14,18.126406456747603,7.269458990776911,1065.462900995044,9332.744477911647
1781277352,150,GET,/,33.100000,0.000000,14,16,18,19,24,33,46,53,81,81,81,1738,0,14,17.658696100350884,7.371052983216941,109.43390900501981,11447.0
1781277352,150,GET,/api/products,20.600000,0.000000,13,15,16,17,25,30,40,45,66,66,66,1183,0,14,17.518346601789535,7.848012988688424,110.38740500225686,6136.0
1781277352,150,GET,/cart,10.200000,0.000000,15,17,18,19,28,35,63,73,73,73,73,560,0,14,21.02002722474156,7.269458990776911,1065.462900995044,9400.0
1781277352,150,POST,/cart,10.900000,0.000000,13,17,19,20,24,34,40,48,48,48,48,580,0,14,17.37247906125488,7.382888987194747,103.83614100283012,9400.0
1781277352,150,,Aggregated,74.800000,0.000000,14,16,18,19,24,33,43,60,81,81,81,4061,0,14,18.040450862770243,7.269458990776911,1065.462900995044,9325.233686284166
1781277353,150,GET,/,33.000000,0.000000,14,16,17,19,22,29,43,53,81,81,81,1763,0,14,17.59393108649519,7.371052983216941,109.43390900501981,11447.0
1781277353,150,GET,/api/products,21.200000,0.000000,13,15,16,17,24,30,40,45,66,66,66,1205,0,14,17.452292138477787,7.848012988688424,110.38740500225686,6136.0
1781277353,150,GET,/cart,9.700000,0.000000,15,17,18,19,28,35,63,73,73,73,73,577,0,14,20.84743732559669,7.269458990776911,1065.462900995044,9400.0
1781277353,150,POST,/cart,10.900000,0.000000,13,16,19,20,25,32,40,48,48,48,48,594,0,14,17.293601243240094,7.382888987194747,103.83614100283012,9400.0
1781277353,150,,Aggregated,74.800000,0.000000,13,16,17,19,24,31,42,60,81,81,81,4139,0,14,17.963151246124827,7.269458990776911,1065.462900995044,9321.657646774584
1781277354,150,GET,/,33.300000,0.000000,14,16,17,19,22,30,43,53,81,81,81,1801,0,14,17.541502392870207,7.371052983216941,109.43390900501981,11447.0
1781277354,150,GET,/api/products,22.100000,0.000000,13,15,16,17,24,31,40,45,66,66,66,1227,0,14,17.395597646227706,7.848012988688424,110.38740500225686,6136.0
1781277354,150,GET,/cart,9.400000,0.000000,15,17,18,18,28,35,63,73,73,73,73,589,0,14,20.728723120326983,7.269458990776911,1065.462900995044,9400.0
1781277354,150,POST,/cart,10.400000,0.000000,13,16,18,19,21,32,40,48,48,48,48,611,0,14,17.193143711142994,7.382888987194747,103.83614100283012,9400.0
1781277354,150,,Aggregated,75.200000,0.000000,13,16,17,18,24,31,42,53,81,81,81,4228,0,14,17.892827068794134,7.269458990776911,1065.462900995044,9324.720671712394
1781277355,150,GET,/,32.300000,0.000000,14,16,17,18,22,29,43,53,81,81,81,1834,0,14,17.476444435391585,7.371052983216941,109.43390900501981,11447.0
1781277355,150,GET,/api/products,22.200000,0.000000,13,15,16,17,23,31,40,45,66,66,66,1252,0,14,17.30050626274562,7.7289839973673224,110.38740500225686,6136.0
1781277355,150,GET,/cart,10.000000,0.000000,15,17,18,18,22,33,63,73,73,73,73,595,0,14,20.63622030394324,7.269458990776911,1065.462900995044,9400.0
1781277355,150,POST,/cart,10.400000,0.000000,13,15,18,19,21,32,40,48,48,48,48,621,0,14,17.131400353559435,7.382888987194747,103.83614100283012,9400.0
1781277355,150,,Aggregated,74.900000,0.000000,13,16,17,18,23,31,42,53,81,81,81,4302,0,14,17.81245551740407,7.269458990776911,1065.462900995044,9322.749883774988
1781277356,150,GET,/,33.000000,0.000000,14,16,17,18,22,30,43,53,81,81,81,1869,0,14,17.414327247432418,7.371052983216941,109.43390900501981,11447.0
1781277356,150,GET,/api/products,21.700000,0.000000,13,15,16,17,23,32,40,45,66,66,66,1271,0,14,17.246871607354862,7.7289839973673224,110.38740500225686,6136.0
1781277356,150,GET,/cart,10.500000,0.000000,16,17,18,19,28,35,63,73,73,73,73,605,0,14,20.62577285422859,7.269458990776911,1065.462900995044,9400.0
1781277356,150,POST,/cart,10.500000,0.000000,13,15,18,19,21,32,40,48,48,48,48,631,0,14,17.05588839236771,7.382888987194747,103.83614100283012,9400.0
1781277356,150,,Aggregated,75.700000,0.000000,13,16,17,18,23,32,42,53,81,81,81,4376,0,14,17.758000363526403,7.269458990776911,1065.462900995044,9326.256627056673
1781277357,150,GET,/,33.400000,0.000000,14,17,18,19,25,35,63,74,81,81,81,1899,0,14,17.63805787602813,7.371052983216941,109.43390900501981,11447.0
1781277357,150,GET,/api/products,22.400000,0.000000,13,15,16,18,26,34,49,66,94,94,94,1284,0,14,17.45262855910145,7.7289839973673224,110.38740500225686,6136.0
1781277357,150,GET,/cart,10.300000,0.000000,16,18,20,23,38,52,83,94,94,94,94,623,0,15,20.970229354420194,7.269458990776911,1065.462900995044,9400.0
1781277357,150,POST,/cart,10.800000,0.000000,13,15,17,19,22,40,75,79,79,79,79,641,0,14,17.33253571072625,7.382888987194747,103.83614100283012,9400.0
1781277357,150,,Aggregated,76.900000,0.000000,14,16,18,19,28,39,63,75,94,94,94,4447,0,14,18.00729823585406,7.269458990776911,1065.462900995044,9331.701596581965
1781277358,150,GET,/,34.000000,0.000000,15,17,19,22,33,53,69,74,81,81,81,1925,0,15,17.915262936904735,7.371052983216941,109.43390900501981,11447.0
1781277358,150,GET,/api/products,22.200000,0.000000,13,16,19,22,34,50,66,76,94,94,94,1304,0,14,17.786831442387047,7.7289839973673224,110.38740500225686,6136.0
1781277358,150,GET,/cart,9.700000,0.000000,17,19,24,31,42,49,73,83,94,94,94,639,0,15,21.2611475566268,7.269458990776911,1065.462900995044,9400.0
1781277358,150,POST,/cart,10.500000,0.000000,13,16,19,21,37,60,78,79,79,79,79,654,0,14,17.721993795947444,7.382888987194747,103.83614100283012,9400.0
1781277358,150,,Aggregated,76.400000,0.000000,14,17,19,22,36,51,71,75,94,94,94,4522,0,14,18.323079740302628,7.269458990776911,1065.462900995044,9330.167846085802
1781277359,150,GET,/,34.100000,0.000000,16,19,24,30,53,66,80,90,110,110,110,1965,0,15,18.475274127492156,7.371052983216941,113.80815398297273,11447.0
1781277359,150,GET,/api/products,21.600000,0.000000,14,18,24,31,49,66,94,120,120,120,120,1323,0,14,18.297364191844313,7.7289839973673224,117.17432999284938,6136.0
1781277359,150,GET,/cart,9.900000,0.000000,17,22,31,37,49,57,73,83,94,94,94,651,0,15,21.571710586346494,7.269458990776911,1065.462900995044,9400.0
1781277359,150,POST,/cart,10.500000,0.000000,14,18,21,32,50,60,78,79,100,100,100,664,0,14,18.17445321473523,7.382888987194747,103.83614100283012,9400.0
1781277359,150,,Aggregated,76.100000,0.000000,15,19,24,32,50,66,80,94,120,120,120,4603,0,14,18.818671955817482,7.269458990776911,1065.462900995044,9335.712144253748
1781277360,150,GET,/,33.800000,0.000000,16,21,30,38,63,80,110,110,120,120,120,1992,0,15,19.016296916922865,7.371052983216941,122.34787899069488,11447.0
1781277360,150,GET,/api/products,21.000000,0.000000,14,21,31,36,63,74,100,120,130,130,130,1341,0,14,18.685928258673677,7.7089609985705465,126.29927502712235,6136.0
1781277360,150,GET,/cart,11.100000,0.000000,17,22,33,40,52,60,94,120,130,130,130,662,0,15,21.916292819820185,7.269458990776911,1065.462900995044,9400.0
1781277360,150,POST,/cart,10.800000,0.000000,15,19,33,46,59,75,79,100,120,120,120,672,0,14,18.735024340111565,7.382888987194747,124.85703401034698,9400.0
1781277360,150,,Aggregated,76.700000,0.000000,16,21,32,40,60,75,100,120,130,130,130,4667,0,14,19.2922252960505,7.269458990776911,1065.462900995044,9335.847439468609
1781277361,150,GET,/,33.100000,0.000000,17,24,34,43,63,80,110,110,120,120,120,2023,0,15,19.091708733325824,7.371052983216941,122.34787899069488,11447.0
1781277361,150,GET,/api/products,21.000000,0.000000,15,24,34,40,63,74,100,120,130,130,130,1361,0,14,18.734585348989548,7.7089609985705465,126.29927502712235,6136.0
1781277361,150,GET,/cart,11.600000,0.000000,18,24,35,39,51,60,94,120,130,130,130,674,0,15,21.91946194475228,7.269458990776911,1065.462900995044,9400.0
1781277361,150,POST,/cart,10.300000,0.000000,15,21,33,43,59,75,79,100,120,120,120,684,0,14,18.716101677715915,7.382888987194747,124.85703401034698,9400.0
1781277361,150,,Aggregated,76.000000,0.000000,17,24,34,42,60,75,100,120,130,130,130,4742,0,14,19.336952409492543,7.269458990776911,1065.462900995044,9336.477646562631
1781277362,150,GET,/,32.400000,0.000000,18,24,33,42,62,80,110,110,120,120,120,2057,0,15,19.0387732189541,7.371052983216941,122.34787899069488,11447.0
1781277362,150,GET,/api/products,20.500000,0.000000,16,23,34,41,63,74,100,120,130,130,130,1384,0,14,18.711004374292074,7.7089609985705465,126.29927502712235,6136.0
1781277362,150,GET,/cart,11.500000,0.000000,17,27,37,40,52,60,94,120,130,130,130,684,0,15,21.797030385641847,7.269458990776911,1065.462900995044,9400.0
1781277362,150,POST,/cart,10.700000,0.000000,15,21,36,43,59,75,79,100,120,120,120,698,0,14,18.616489265821233,7.382888987194747,124.85703401034698,9400.0
1781277362,150,,Aggregated,75.100000,0.000000,17,24,34,42,60,75,100,120,130,130,130,4823,0,14,19.27478019007486,7.269458990776911,1065.462900995044,9336.409496164213
1781277363,150,GET,/,31.700000,0.000000,18,25,34,44,62,80,110,110,120,120,120,2091,0,15,19.012781422476017,7.371052983216941,122.34787899069488,11447.0
1781277363,150,GET,/api/products,20.500000,0.000000,16,23,34,41,63,74,100,120,130,130,130,1410,0,14,18.6762554263275,7.7089609985705465,126.29927502712235,6136.0
1781277363,150,GET,/cart,11.800000,0.000000,19,29,37,40,52,60,94,120,130,130,130,693,0,15,21.743634625970994,7.269458990776911,1065.462900995044,9400.0
1781277363,150,POST,/cart,11.200000,0.000000,16,25,37,47,60,75,100,120,120,120,120,707,0,14,18.5760298551273,7.382888987194747,124.85703401034698,9400.0
1781277363,150,,Aggregated,75.200000,0.000000,17,25,35,42,60,75,100,120,130,130,130,4901,0,14,19.239101817770255,7.269458990776911,1065.462900995044,9334.306672107734
1781277364,150,GET,/,31.800000,0.000000,18,25,34,44,62,80,110,110,120,120,120,2126,0,15,18.932709790875645,7.371052983216941,122.34787899069488,11447.0
1781277364,150,GET,/api/products,20.200000,0.000000,18,29,36,42,63,76,100,120,130,130,130,1428,0,14,18.64281822412884,7.7089609985705465,126.29927502712235,6136.0
1781277364,150,GET,/cart,12.300000,0.000000,19,29,37,40,52,60,94,120,130,130,130,703,0,15,21.627386001107293,7.269458990776911,1065.462900995044,9400.0
1781277364,150,POST,/cart,11.900000,0.000000,15,25,37,47,60,75,100,120,120,120,120,719,0,14,18.46438849310686,6.772091990569606,124.85703401034698,9400.0
1781277364,150,,Aggregated,76.200000,0.000000,17,26,35,42,60,75,100,120,130,130,130,4976,0,14,19.16254684983518,6.772091990569606,1065.462900995044,9337.887861736335
1781277365,150,GET,/,32.500000,0.000000,18,25,34,44,62,80,110,110,120,120,120,2166,0,15,18.849083385717822,7.371052983216941,122.34787899069488,11447.0
1781277365,150,GET,/api/products,20.400000,0.000000,19,29,36,42,63,76,100,120,130,130,130,1448,0,14,18.612170482770853,7.7089609985705465,126.29927502712235,6136.0
1781277365,150,GET,/cart,11.700000,0.000000,17,27,36,39,51,60,94,120,130,130,130,712,0,15,21.544824273579263,7.269458990776911,1065.462900995044,9400.0
1781277365,150,POST,/cart,11.500000,0.000000,15,31,41,47,60,75,100,120,120,120,120,725,0,14,18.41123539657364,6.772091990569606,124.85703401034698,9400.0
1781277365,150,,Aggregated,76.100000,0.000000,18,27,35,42,60,75,100,120,130,130,130,5051,0,14,19.098316772484917,6.772091990569606,1065.462900995044,9342.096614531776
1781277366,150,GET,/,32.500000,0.000000,16,22,32,40,60,80,110,110,120,120,120,2191,0,15,18.773450835894653,7.371052983216941,122.34787899069488,11447.0
1781277366,150,GET,/api/products,20.200000,0.000000,17,23,34,38,60,72,100,120,130,130,130,1473,0,14,18.52727871294464,7.7089609985705465,126.29927502712235,6136.0
1781277366,150,GET,/cart,11.400000,0.000000,15,22,30,37,50,57,72,120,130,130,130,726,0,15,21.368694873000738,7.269458990776911,1065.462900995044,9400.0
1781277366,150,POST,/cart,11.000000,0.000000,14,24,33,41,57,72,100,120,120,120,120,734,0,14,18.334868102894628,6.772091990569606,124.85703401034698,9400.0
1781277366,150,,Aggregated,75.100000,0.000000,16,23,32,39,56,72,100,120,130,130,130,5124,0,14,19.007567913921903,6.772091990569606,1065.462900995044,9336.983801717408
1781277367,150,GET,/,32.900000,0.000000,15,19,24,30,50,80,110,110,120,120,120,2228,0,15,18.68288990461704,7.371052983216941,122.34787899069488,11447.0
1781277367,150,GET,/api/products,19.200000,0.000000,15,20,24,33,48,72,100,120,130,130,130,1496,0,14,18.43768355689842,7.7089609985705465,126.29927502712235,6136.0
1781277367,150,GET,/cart,11.800000,0.000000,14,19,24,29,47,57,120,130,130,130,130,732,0,15,21.31001149150581,7.269458990776911,1065.462900995044,9400.0
1781277367,150,POST,/cart,10.500000,0.000000,14,17,24,32,54,62,100,120,120,120,120,748,0,14,18.244504261301845,6.772091990569606,124.85703401034698,9400.0
1781277367,150,,Aggregated,74.400000,0.000000,15,19,24,30,51,67,100,120,130,130,130,5204,0,14,18.918922157540898,6.772091990569606,1065.462900995044,9338.080707148347
1781277368,150,GET,/,32.200000,0.000000,14,17,21,24,45,80,110,110,120,120,120,2259,0,14,18.607047873180385,7.371052983216941,122.34787899069488,11447.0
1781277368,150,GET,/api/products,19.400000,0.000000,13,18,20,23,38,72,100,120,130,130,130,1518,0,14,18.363236030414168,7.7089609985705465,126.29927502712235,6136.0
1781277368,150,GET,/cart,12.400000,0.000000,13,16,19,21,30,39,120,130,130,130,130,740,0,15,21.2520579619072,7.269458990776911,1065.462900995044,9400.0
1781277368,150,POST,/cart,10.300000,0.000000,13,15,18,24,51,62,100,120,120,120,120,758,0,14,18.181485526932104,6.436018011299893,124.85703401034698,9400.0
1781277368,150,,Aggregated,74.300000,0.000000,14,17,20,24,41,67,100,120,130,130,130,5275,0,14,18.84678717742352,6.436018011299893,1065.462900995044,9337.330995260663
1781277369,150,GET,/,32.700000,0.000000,13,15,17,19,25,33,44,48,50,50,50,2290,0,14,18.575861797145443,7.371052983216941,122.34787899069488,11447.0
1781277369,150,GET,/api/products,21.100000,0.000000,13,17,19,21,30,35,42,53,63,63,63,1546,0,14,18.336199210986965,7.4145190010312945,126.29927502712235,6136.0
1781277369,150,GET,/cart,11.100000,0.000000,13,17,18,19,27,32,39,51,51,51,51,751,0,15,21.166196223523546,7.269458990776911,1065.462900995044,9400.0
1781277369,150,POST,/cart,10.500000,0.000000,12,15,16,18,24,33,43,51,51,51,51,770,0,14,18.16239930045271,6.436018011299893,124.85703401034698,9400.0
1781277369,150,,Aggregated,75.400000,0.000000,13,16,18,20,27,34,43,48,63,63,63,5357,0,14,18.81040663073804,6.436018011299893,1065.462900995044,9333.075602016053
1781277370,150,GET,/,33.300000,0.000000,13,15,16,17,21,26,35,48,50,50,50,2314,0,14,18.528488101258084,7.371052983216941,122.34787899069488,11447.0
1781277370,150,GET,/api/products,21.200000,0.000000,13,15,18,19,23,31,36,40,54,54,54,1571,0,14,18.238948953611704,7.4145190010312945,126.29927502712235,6136.0
1781277370,150,GET,/cart,9.900000,0.000000,13,15,17,18,21,24,32,39,39,39,39,764,0,15,21.062971929076653,7.269458990776911,1065.462900995044,9400.0
1781277370,150,POST,/cart,10.400000,0.000000,12,14,15,16,22,25,36,36,36,36,36,781,0,14,18.087111235986477,6.305026996415108,124.85703401034698,9400.0
1781277370,150,,Aggregated,74.800000,0.000000,13,15,17,18,22,28,35,41,54,54,54,5430,0,14,18.737836961612373,6.305026996415108,1065.462900995044,9327.995211786372
1781277371,150,GET,/,32.700000,0.000000,13,15,16,17,21,27,35,48,50,50,50,2343,0,14,18.487970345852638,7.371052983216941,122.34787899069488,11447.0
1781277371,150,GET,/api/products,21.800000,0.000000,13,16,17,19,23,30,35,36,54,54,54,1590,0,14,18.204083718299433,7.4145190010312945,126.29927502712235,6136.0
1781277371,150,GET,/cart,9.600000,0.000000,13,16,18,19,21,24,32,35,35,35,35,774,0,15,21.00689331242858,7.269458990776911,1065.462900995044,9400.0
1781277371,150,POST,/cart,10.900000,0.000000,12,15,16,18,22,25,33,36,36,36,36,796,0,14,18.03653283825234,6.305026996415108,124.85703401034698,9400.0
1781277371,150,,Aggregated,75.000000,0.000000,13,15,17,18,21,28,34,38,54,54,54,5503,0,14,18.694934253225043,6.305026996415108,1065.462900995044,9328.468290023624
1781277372,150,GET,/,32.000000,0.000000,13,15,16,16,20,23,30,35,48,48,48,2381,0,14,18.411466176941868,7.371052983216941,122.34787899069488,11447.0
1781277372,150,GET,/api/products,22.300000,0.000000,13,15,17,18,22,28,32,34,38,38,38,1611,0,14,18.143266365675643,7.4145190010312945,126.29927502712235,6136.0
1781277372,150,GET,/cart,10.000000,0.000000,13,15,17,18,20,23,32,35,35,35,35,780,0,15,20.94343964462706,7.269458990776911,1065.462900995044,9400.0
1781277372,150,POST,/cart,10.800000,0.000000,12,14,15,16,20,23,29,33,36,36,36,809,0,14,17.94190541934625,6.305026996415108,124.85703401034698,9400.0
1781277372,150,,Aggregated,75.100000,0.000000,13,15,16,17,20,24,31,35,48,48,48,5581,0,14,18.619850831295874,6.305026996415108,1065.462900995044,9331.123992116109
1781277373,150,GET,/,31.500000,0.000000,13,15,16,17,21,23,30,35,48,48,48,2413,0,14,18.35559474282029,7.371052983216941,122.34787899069488,11447.0
1781277373,150,GET,/api/products,23.000000,0.000000,13,15,17,18,21,25,31,32,35,35,35,1627,0,14,18.09067113276559,7.4145190010312945,126.29927502712235,6136.0
1781277373,150,GET,/cart,10.200000,0.000000,13,15,17,18,21,24,32,35,35,35,35,796,0,14,20.82158047462382,7.269458990776911,1065.462900995044,9400.0
1781277373,150,POST,/cart,11.000000,0.000000,12,14,16,18,22,25,33,36,36,36,36,818,0,14,17.904550088337544,6.305026996415108,124.85703401034698,9400.0
1781277373,150,,Aggregated,75.700000,0.000000,13,15,16,17,21,24,31,34,48,48,48,5654,0,14,18.56127910815275,6.305026996415108,1065.462900995044,9334.362044570216
1781277374,150,GET,/,31.900000,0.000000,13,15,16,17,21,24,30,35,48,48,48,2454,0,14,18.285525121616796,7.371052983216941,122.34787899069488,11447.0
1781277374,150,GET,/api/products,22.300000,0.000000,13,15,17,18,20,25,31,32,35,35,35,1643,0,14,18.06343117347911,7.4145190010312945,126.29927502712235,6136.0
1781277374,150,GET,/cart,9.500000,0.000000,13,15,18,19,22,27,32,35,35,35,35,806,0,14,20.740939814849554,7.269458990776911,1065.462900995044,9400.0
1781277374,150,POST,/cart,11.200000,0.000000,12,14,16,18,22,25,29,33,36,36,36,833,0,14,17.825289093966163,6.305026996415108,124.85703401034698,9400.0
1781277374,150,,Aggregated,74.900000,0.000000,13,15,16,18,21,24,31,33,48,48,48,5736,0,14,18.50009751961582,6.305026996415108,1065.462900995044,9340.82740585774
1781277375,150,GET,/,32.300000,0.000000,13,15,17,17,21,23,30,31,48,48,48,2486,0,14,18.25998482685023,7.371052983216941,122.34787899069488,11447.0
1781277375,150,GET,/api/products,21.600000,0.000000,13,15,17,18,20,24,30,32,35,35,35,1665,0,14,18.02602166969989,7.4145190010312945,126.29927502712235,6136.0
1781277375,150,GET,/cart,10.200000,0.000000,14,17,19,20,22,28,31,32,35,35,35,827,0,14,20.638855229470565,7.269458990776911,1065.462900995044,9400.0
1781277375,150,POST,/cart,11.200000,0.000000,13,15,16,18,22,25,29,33,36,36,36,841,0,14,17.799114825501075,6.305026996415108,124.85703401034698,9400.0
1781277375,150,,Aggregated,75.300000,0.000000,13,15,17,18,21,24,30,32,48,48,48,5819,0,14,18.4645191961881,6.305026996415108,1065.462900995044,9340.588073552157
1781277376,150,GET,/,32.800000,0.000000,13,15,17,18,22,24,31,48,73,73,73,2510,0,14,18.27135184920992,7.371052983216941,122.34787899069488,11447.0
1781277376,150,GET,/api/products,21.400000,0.000000,13,15,17,18,20,28,32,51,63,63,63,1680,0,14,18.027045610766177,7.4145190010312945,126.29927502712235,6136.0
1781277376,150,GET,/cart,10.400000,0.000000,14,17,19,20,23,28,31,32,35,35,35,838,0,14,20.549198771738848,7.269458990776911,1065.462900995044,9400.0
1781277376,150,POST,/cart,11.400000,0.000000,13,15,16,19,22,25,29,33,36,36,36,850,0,14,17.748992220389056,6.305026996415108,124.85703401034698,9400.0
1781277376,150,,Aggregated,76.000000,0.000000,13,15,17,19,22,25,31,36,73,73,73,5878,0,14,18.450731834918667,6.305026996415108,1065.462900995044,9341.212997618237
1781277377,150,GET,/,32.000000,0.000000,14,16,17,19,23,29,40,48,73,73,73,2545,0,14,18.259649914549847,7.371052983216941,122.34787899069488,11447.0
1781277377,150,GET,/api/products,21.700000,0.000000,13,15,17,18,22,30,43,59,63,63,63,1710,0,14,17.99536892692885,7.4145190010312945,126.29927502712235,6136.0
1781277377,150,GET,/cart,11.100000,0.000000,14,16,19,20,23,28,31,35,51,51,51,854,0,14,20.467937220943345,7.269458990776911,1065.462900995044,9400.0
1781277377,150,POST,/cart,11.400000,0.000000,13,15,16,18,22,24,25,29,36,36,36,859,0,14,17.717674549847107,6.305026996415108,124.85703401034698,9400.0
1781277377,150,,Aggregated,76.200000,0.000000,13,15,17,19,22,29,35,47,73,73,73,5968,0,14,18.42191533555328,6.305026996415108,1065.462900995044,9337.696883378016
1781277378,150,GET,/,31.500000,0.000000,14,16,17,18,22,29,38,47,73,73,73,2577,0,14,18.20427057952004,7.371052983216941,122.34787899069488,11447.0
1781277378,150,GET,/api/products,21.100000,0.000000,12,14,16,18,20,28,43,59,63,63,63,1729,0,14,17.922276969436997,7.180857995990664,126.29927502712235,6136.0
1781277378,150,GET,/cart,11.200000,0.000000,14,16,19,20,23,28,31,35,51,51,51,861,0,14,20.40785549911746,7.269458990776911,1065.462900995044,9400.0
1781277378,150,POST,/cart,11.800000,0.000000,13,14,16,18,21,24,25,29,29,29,29,864,0,14,17.684312354504073,6.305026996415108,124.85703401034698,9400.0
1781277378,150,,Aggregated,75.600000,0.000000,13,15,17,18,22,27,35,47,73,73,73,6031,0,14,18.363527047357213,6.305026996415108,1065.462900995044,9338.926048748135
1781277379,150,GET,/,31.200000,0.000000,13,16,17,19,23,26,33,42,73,73,73,2616,0,14,18.151627142360223,7.371052983216941,122.34787899069488,11447.0
1781277379,150,GET,/api/products,21.300000,0.000000,13,15,17,18,21,26,43,59,63,63,63,1745,0,14,17.90590484022499,7.180857995990664,126.29927502712235,6136.0
1781277379,150,GET,/cart,12.100000,0.000000,14,16,19,20,23,28,31,35,51,51,51,870,0,14,20.346629318122847,7.269458990776911,1065.462900995044,9400.0
1781277379,150,POST,/cart,11.200000,0.000000,13,15,16,18,21,24,25,29,29,29,29,878,0,14,17.628411465046813,6.305026996415108,124.85703401034698,9400.0
1781277379,150,,Aggregated,75.800000,0.000000,13,15,17,19,22,26,33,43,73,73,73,6109,0,14,18.318836687458656,6.305026996415108,1065.462900995044,9344.225241447046
1781277380,150,GET,/,30.800000,0.000000,13,16,17,19,22,25,33,40,73,73,73,2650,0,14,18.103211499785758,7.371052983216941,122.34787899069488,11447.0
1781277380,150,GET,/api/products,21.000000,0.000000,13,15,17,18,22,26,43,59,63,63,63,1762,0,14,17.883154338918267,7.180857995990664,126.29927502712235,6136.0
1781277380,150,GET,/cart,12.300000,0.000000,13,15,17,19,22,28,29,31,51,51,51,884,0,14,20.22615769985095,7.269458990776911,1065.462900995044,9400.0
1781277380,150,POST,/cart,10.700000,0.000000,13,14,15,16,20,23,25,25,25,25,25,889,0,14,17.568548867567753,6.305026996415108,124.85703401034698,9400.0
1781277380,150,,Aggregated,74.800000,0.000000,13,15,17,18,22,25,32,47,73,73,73,6185,0,14,18.267096486587263,6.305026996415108,1065.462900995044,9347.191915925627
1781277381,150,GET,/,32.500000,0.000000,14,16,18,20,24,32,38,41,73,73,73,2687,0,14,18.126199719539223,7.371052983216941,122.34787899069488,11447.0
1781277381,150,GET,/api/products,20.300000,0.000000,13,15,18,19,24,31,51,59,63,63,63,1782,0,14,17.905302519706083,7.180857995990664,126.29927502712235,6136.0
1781277381,150,GET,/cart,12.000000,0.000000,13,15,18,19,22,28,29,31,51,51,51,891,0,14,20.199350180356802,7.269458990776911,1065.462900995044,9400.0
1781277381,150,POST,/cart,10.500000,0.000000,13,15,16,18,23,25,32,36,36,36,36,896,0,14,17.606851519206298,6.305026996415108,124.85703401034698,9400.0
1781277381,150,,Aggregated,75.300000,0.000000,13,16,18,19,23,29,39,51,73,73,73,6256,0,14,18.28416043932623,6.305026996415108,1065.462900995044,9349.463075447571
1781277382,150,GET,/,33.300000,0.000000,14,16,18,20,26,33,41,47,73,73,73,2720,0,14,18.127398268852094,7.371052983216941,122.34787899069488,11447.0
1781277382,150,GET,/api/products,20.100000,0.000000,13,16,18,19,25,34,53,59,63,63,63,1804,0,14,17.91824122404325,7.180857995990664,126.29927502712235,6136.0
1781277382,150,GET,/cart,12.100000,0.000000,13,15,18,19,22,28,29,29,51,51,51,896,0,14,20.14717086236877,7.269458990776911,1065.462900995044,9400.0
1781277382,150,POST,/cart,10.800000,0.000000,13,15,16,17,23,27,36,38,38,38,38,911,0,14,17.5922074887488,6.305026996415108,124.85703401034698,9400.0
1781277382,150,,Aggregated,76.300000,0.000000,13,16,18,19,24,32,43,51,73,73,73,6331,0,14,18.27663822056299,6.305026996415108,1065.462900995044,9349.389353972516
1781277383,150,GET,/,34.100000,0.000000,14,16,19,20,28,35,46,48,73,73,73,2746,0,14,18.11697036099343,7.371052983216941,122.34787899069488,11447.0
1781277383,150,GET,/api/products,19.000000,0.000000,13,16,18,20,26,42,53,59,63,63,63,1816,0,14,17.900402634994368,7.180857995990664,126.29927502712235,6136.0
1781277383,150,GET,/cart,11.500000,0.000000,13,16,18,19,24,28,29,29,51,51,51,909,0,14,20.10324621202073,7.269458990776911,1065.462900995044,9400.0
1781277383,150,POST,/cart,10.100000,0.000000,13,16,16,19,23,32,38,58,58,58,58,931,0,14,17.585147318231925,6.305026996415108,124.85703401034698,9400.0
1781277383,150,,Aggregated,74.700000,0.000000,13,16,18,20,26,33,47,54,73,73,73,6402,0,14,18.260224110658935,6.305026996415108,1065.462900995044,9352.145891908778
1781277384,150,GET,/,33.800000,0.000000,14,16,19,20,28,36,46,48,73,73,73,2780,0,14,18.102324422802308,7.371052983216941,122.34787899069488,11447.0
1781277384,150,GET,/api/products,19.400000,0.000000,13,16,17,20,28,43,53,59,63,63,63,1833,0,14,17.918730219954394,7.180857995990664,126.29927502712235,6136.0
1781277384,150,GET,/cart,11.900000,0.000000,13,16,17,18,22,28,36,51,51,51,51,922,0,14,20.061028746970365,7.269458990776911,1065.462900995044,9400.0
1781277384,150,POST,/cart,9.800000,0.000000,13,15,16,19,23,28,36,38,58,58,58,941,0,14,17.554565953536407,6.305026996415108,124.85703401034698,9400.0
1781277384,150,,Aggregated,74.900000,0.000000,13,16,17,20,26,35,47,54,73,73,73,6476,0,14,18.24963086095603,6.305026996415108,1065.462900995044,9354.871525633107
1781277385,150,GET,/,33.500000,0.000000,13,16,18,20,28,36,46,48,57,57,57,2802,0,14,18.08894708116378,7.371052983216941,122.34787899069488,11447.0
1781277385,150,GET,/api/products,18.900000,0.000000,13,15,17,20,27,42,50,59,59,59,59,1855,0,14,17.887637866965328,7.180857995990664,126.29927502712235,6136.0
1781277385,150,GET,/cart,11.200000,0.000000,13,16,17,18,22,29,36,51,51,51,51,934,0,14,19.994277564993943,7.269458990776911,1065.462900995044,9400.0
1781277385,150,POST,/cart,10.700000,0.000000,14,16,17,19,23,28,36,38,58,58,58,957,0,14,17.492700588649534,6.305026996415108,124.85703401034698,9400.0
1781277385,150,,Aggregated,74.300000,0.000000,13,16,17,19,26,34,44,50,59,59,59,6548,0,14,18.216549736359735,6.305026996415108,1065.462900995044,9351.278863775198
1781277386,150,GET,/,32.600000,0.000000,14,16,18,20,26,34,41,47,57,57,57,2843,0,14,18.051781445144467,7.371052983216941,122.34787899069488,11447.0
1781277386,150,GET,/api/products,19.300000,0.000000,13,16,17,20,26,33,45,53,59,59,59,1882,0,14,17.849502829051954,6.478850002167746,126.29927502712235,6136.0
1781277386,150,GET,/cart,11.000000,0.000000,13,16,16,18,22,28,30,36,36,36,36,941,0,14,19.933671969932767,7.269458990776911,1065.462900995044,9400.0
1781277386,150,POST,/cart,10.500000,0.000000,14,16,17,19,23,32,37,38,58,58,58,968,0,14,17.476139429050846,6.305026996415108,124.85703401034698,9400.0
1781277386,150,,Aggregated,73.400000,0.000000,13,16,18,19,25,32,41,48,59,59,59,6634,0,14,18.17733905092696,6.305026996415108,1065.462900995044,9351.277208320771
1781277387,150,GET,/,32.000000,0.000000,14,16,18,20,26,34,41,47,57,57,57,2869,0,14,18.011146325026985,7.371052983216941,122.34787899069488,11447.0
1781277387,150,GET,/api/products,19.400000,0.000000,14,16,18,21,27,33,45,53,59,59,59,1901,0,14,17.810950035371768,6.478850002167746,126.29927502712235,6136.0
1781277387,150,GET,/cart,10.800000,0.000000,13,16,17,18,23,28,30,36,36,36,36,957,0,14,19.854056429125947,7.269458990776911,1065.462900995044,9400.0
1781277387,150,POST,/cart,11.400000,0.000000,14,16,17,19,24,32,37,38,58,58,58,978,0,14,17.4451636179107,6.305026996415108,124.85703401034698,9400.0
1781277387,150,,Aggregated,73.600000,0.000000,13,16,18,20,25,32,41,48,59,59,59,6705,0,14,18.134869029788867,6.305026996415108,1065.462900995044,9350.481580909769
1781277388,150,GET,/,33.100000,0.000000,14,16,19,20,26,35,41,48,57,57,57,2900,0,14,17.980414947759808,7.371052983216941,122.34787899069488,11447.0
1781277388,150,GET,/api/products,19.500000,0.000000,14,16,18,20,27,33,45,53,59,59,59,1917,0,14,17.78636023433003,6.478850002167746,126.29927502712235,6136.0
1781277388,150,GET,/cart,10.500000,0.000000,13,16,18,19,25,28,30,36,36,36,36,967,0,14,19.825783061649027,7.269458990776911,1065.462900995044,9400.0
1781277388,150,POST,/cart,11.400000,0.000000,14,16,18,20,25,32,38,40,58,58,58,997,0,14,17.443574771665478,6.305026996415108,124.85703401034698,9400.0
1781277388,150,,Aggregated,74.500000,0.000000,14,16,18,20,25,32,41,48,59,59,59,6781,0,14,18.109782065429762,6.305026996415108,1065.462900995044,9352.693113110161
1781277389,150,GET,/,32.800000,0.000000,14,16,18,20,27,35,41,48,57,57,57,2929,0,14,17.944518581951517,7.371052983216941,122.34787899069488,11447.0
1781277389,150,GET,/api/products,19.200000,0.000000,13,15,17,20,25,33,45,53,59,59,59,1942,0,14,17.733673763766056,6.478850002167746,126.29927502712235,6136.0
1781277389,150,GET,/cart,10.200000,0.000000,13,16,18,19,25,28,30,36,36,36,36,977,0,14,19.74057325342753,7.269458990776911,1065.462900995044,9400.0
1781277389,150,POST,/cart,11.800000,0.000000,14,16,18,20,25,32,38,40,58,58,58,1007,0,14,17.406376390658963,6.305026996415108,124.85703401034698,9400.0
1781277389,150,,Aggregated,74.000000,0.000000,14,16,18,20,25,33,41,48,59,59,59,6855,0,14,18.061714145844192,6.305026996415108,1065.462900995044,9349.959883296864
1781277390,150,GET,/,32.800000,0.000000,14,16,19,20,27,35,41,48,57,57,57,2965,0,14,17.93630957822543,7.371052983216941,122.34787899069488,11447.0
1781277390,150,GET,/api/products,18.900000,0.000000,13,15,17,20,25,34,46,55,59,59,59,1969,0,14,17.750261191565095,6.478850002167746,126.29927502712235,6136.0
1781277390,150,GET,/cart,10.500000,0.000000,14,16,18,19,25,28,30,36,36,36,36,982,0,14,19.73437000671947,7.269458990776911,1065.462900995044,9400.0
1781277390,150,POST,/cart,12.600000,0.000000,14,16,18,19,25,34,40,47,58,58,58,1016,0,14,17.39708891176361,6.305026996415108,124.85703401034698,9400.0
1781277390,150,,Aggregated,74.800000,0.000000,14,16,18,20,25,34,43,48,59,59,59,6932,0,14,18.059148278502658,6.305026996415108,1065.462900995044,9348.43320830929
1781277391,150,GET,/,32.000000,0.000000,14,16,18,19,24,32,37,42,57,57,57,3001,0,14,17.92960897014074,7.371052983216941,122.34787899069488,11447.0
1781277391,150,GET,/api/products,19.500000,0.000000,14,15,17,19,25,33,44,46,55,55,55,1987,0,14,17.727132928143472,6.478850002167746,126.29927502712235,6136.0
1781277391,150,GET,/cart,10.800000,0.000000,14,16,18,19,25,27,30,36,36,36,36,994,0,14,19.6500972843372,7.269458990776911,1065.462900995044,9400.0
1781277391,150,POST,/cart,13.100000,0.000000,14,16,18,19,25,32,40,47,58,58,58,1022,0,14,17.385966453395753,6.305026996415108,124.85703401034698,9400.0
1781277391,150,,Aggregated,75.400000,0.000000,14,16,18,19,25,31,39,45,58,58,58,7004,0,14,18.037010860024996,6.305026996415108,1065.462900995044,9351.096373500857
1781277392,150,GET,/,31.600000,0.000000,14,17,19,20,27,33,42,48,57,57,57,3034,0,14,17.97166505418936,7.371052983216941,122.34787899069488,11447.0
1781277392,150,GET,/api/products,20.200000,0.000000,13,15,17,19,24,33,43,45,55,55,55,2014,0,14,17.693430732972892,6.478850002167746,126.29927502712235,6136.0
1781277392,150,GET,/cart,10.100000,0.000000,14,16,19,20,25,31,37,46,46,46,46,1006,0,14,19.707995758070908,7.269458990776911,1065.462900995044,9400.0
1781277392,150,POST,/cart,12.500000,0.000000,14,15,17,18,25,31,40,47,58,58,58,1030,0,14,17.36954975665832,6.305026996415108,124.85703401034698,9400.0
1781277392,150,,Aggregated,74.400000,0.000000,14,16,18,20,25,33,41,46,58,58,58,7084,0,14,18.051592497543098,6.305026996415108,1065.462900995044,9348.74392998306
1781277393,150,GET,/,31.500000,0.000000,14,16,18,20,26,33,40,44,53,53,53,3060,0,14,17.93309367921704,7.371052983216941,122.34787899069488,11447.0
1781277393,150,GET,/api/products,20.600000,0.000000,13,15,17,18,24,27,34,45,55,55,55,2039,0,14,17.64109055086301,6.478850002167746,126.29927502712235,6136.0
1781277393,150,GET,/cart,10.500000,0.000000,14,16,18,20,25,30,37,46,46,46,46,1013,0,14,19.648227281914426,7.269458990776911,1065.462900995044,9400.0
1781277393,150,POST,/cart,12.800000,0.000000,14,15,17,18,25,29,37,40,47,47,47,1040,0,14,17.348222394558924,6.305026996415108,124.85703401034698,9400.0
1781277393,150,,Aggregated,75.400000,0.000000,14,16,18,19,25,31,37,45,55,55,55,7152,0,14,18.00772592541029,6.305026996415108,1065.462900995044,9345.263422818793
1781277394,150,GET,/,31.600000,0.000000,14,16,18,20,26,33,42,44,53,53,53,3092,0,14,17.90553528929137,7.371052983216941,122.34787899069488,11447.0
1781277394,150,GET,/api/products,20.900000,0.000000,13,15,17,18,24,33,46,55,62,62,62,2057,0,14,17.68046139339216,6.478850002167746,126.29927502712235,6136.0
1781277394,150,GET,/cart,10.700000,0.000000,13,16,19,20,25,31,46,58,58,58,58,1029,0,14,19.615946376696908,7.269458990776911,1065.462900995044,9400.0
1781277394,150,POST,/cart,12.300000,0.000000,14,15,17,18,25,32,47,61,61,61,61,1048,0,14,17.356925136774052,6.305026996415108,124.85703401034698,9400.0
1781277394,150,,Aggregated,75.500000,0.000000,14,16,17,19,25,32,44,48,62,62,62,7226,0,14,18.005465065825756,6.305026996415108,1065.462900995044,9346.758372543592
1781277395,150,GET,/,30.600000,0.000000,14,16,18,20,26,33,40,44,53,53,53,3124,0,14,17.870500528315624,7.371052983216941,122.34787899069488,11447.0
1781277395,150,GET,/api/products,22.000000,0.000000,13,15,16,17,24,33,46,55,62,62,62,2086,0,14,17.61367849003093,6.478850002167746,126.29927502712235,6136.0
1781277395,150,GET,/cart,10.600000,0.000000,14,17,19,20,25,31,46,58,58,58,58,1037,0,14,19.573086722855653,7.269458990776911,1065.462900995044,9400.0
1781277395,150,POST,/cart,10.900000,0.000000,14,15,16,18,25,32,47,61,61,61,61,1058,0,14,17.318170318825192,6.305026996415108,124.85703401034698,9400.0
1781277395,150,,Aggregated,74.100000,0.000000,14,15,17,19,25,32,43,47,62,62,62,7305,0,14,17.958862711783834,6.305026996415108,1065.462900995044,9343.343463381245
1781277396,150,GET,/,30.600000,0.000000,14,16,18,19,25,32,40,44,53,53,53,3154,0,14,17.834165535960448,7.371052983216941,122.34787899069488,11447.0
1781277396,150,GET,/api/products,21.900000,0.000000,13,15,16,17,23,28,46,55,62,62,62,2106,0,14,17.571003094128912,6.478850002167746,126.29927502712235,6136.0
1781277396,150,GET,/cart,11.000000,0.000000,14,17,19,20,25,31,46,58,58,58,58,1049,0,14,19.51389156020152,7.269458990776911,1065.462900995044,9400.0
1781277396,150,POST,/cart,10.900000,0.000000,14,15,16,18,25,29,47,61,61,61,61,1062,0,14,17.312569722507796,6.305026996415108,124.85703401034698,9400.0
1781277396,150,,Aggregated,74.400000,0.000000,14,15,17,19,24,31,43,47,62,62,62,7371,0,14,17.922875038476384,6.305026996415108,1065.462900995044,9343.325735992403
1781277397,150,GET,/,31.600000,0.000000,14,15,18,19,24,32,40,44,53,53,53,3193,0,14,17.78071919026485,7.371052983216941,122.34787899069488,11447.0
1781277397,150,GET,/api/products,22.400000,0.000000,14,15,16,18,24,35,46,55,62,62,62,2126,0,14,17.590740380162785,6.478850002167746,126.29927502712235,6136.0
1781277397,150,GET,/cart,10.400000,0.000000,13,16,17,19,25,35,49,58,58,58,58,1059,0,14,19.488186286715088,7.269458990776911,1065.462900995044,9400.0
1781277397,150,POST,/cart,10.300000,0.000000,14,15,16,17,25,31,47,61,61,61,61,1070,0,14,17.326938733893716,6.305026996415108,124.85703401034698,9400.0
1781277397,150,,Aggregated,74.700000,0.000000,14,15,17,18,25,33,44,49,62,62,62,7448,0,14,17.904076818694858,6.305026996415108,1065.462900995044,9345.86560150376
1781277398,150,GET,/,31.100000,0.000000,14,15,18,19,25,32,44,50,91,91,91,3224,0,14,17.777419311897027,7.371052983216941,122.34787899069488,11447.0
1781277398,150,GET,/api/products,23.200000,0.000000,14,15,17,18,25,35,46,55,62,62,62,2144,0,14,17.56086675055458,6.478850002167746,126.29927502712235,6136.0
1781277398,150,GET,/cart,10.200000,0.000000,14,16,17,19,25,35,49,58,58,58,58,1068,0,14,19.430945622295443,7.269458990776911,1065.462900995044,9400.0
1781277398,150,POST,/cart,9.600000,0.000000,14,15,16,17,25,47,61,88,88,88,88,1082,0,14,17.370004843064677,6.305026996415108,124.85703401034698,9400.0
1781277398,150,,Aggregated,74.100000,0.000000,14,15,17,18,25,34,46,55,91,91,91,7518,0,14,17.89192515822726,6.305026996415108,1065.462900995044,9346.995477520617
1781277399,150,GET,/,32.000000,0.000000,14,15,18,19,27,33,47,53,91,91,91,3265,0,14,17.80363721363881,7.371052983216941,122.34787899069488,11447.0
1781277399,150,GET,/api/products,22.000000,0.000000,13,15,16,17,25,35,47,59,62,62,62,2159,0,14,17.55948225021435,6.478850002167746,126.29927502712235,6136.0
1781277399,150,GET,/cart,10.300000,0.000000,13,16,17,19,26,37,49,58,58,58,58,1079,0,14,19.40277114144675,7.269458990776911,1065.462900995044,9400.0
1781277399,150,POST,/cart,9.100000,0.000000,14,15,16,18,25,38,81,88,88,88,88,1094,0,14,17.40755901753458,6.305026996415108,124.85703401034698,9400.0
1781277399,150,,Aggregated,73.400000,0.000000,14,15,17,18,25,35,48,59,91,91,91,7597,0,14,17.904338200282663,6.305026996415108,1065.462900995044,9352.149401079374
